time	total error	% error	count	predicted	reported*lambda	long time
03/22/2020	0.0	0.0	166.0	369.46964505898075	369.46964505898075	1584856800000
03/23/2020	141.1403608104912	60.83636241831517	232.0	425.27991374911124	495.0198735956454	1584943200000
03/24/2020	143.81042137793182	55.31170052997378	260.0	459.5938489796754	381.9962541397233	1585029600000
03/25/2020	210.00373354013695	105.15960617933747	199.70000000000002	478.9246958765779	290.2388227320702	1585116000000
03/26/2020	162.3979085422677	47.48476857961043	342.0	488.03766140320596	516.3495733467386	1585202400000
03/27/2020	175.067947538073	67.54425230065705	259.19	490.51283823603586	393.2268538469171	1585288800000
03/28/2020	227.3490787844869	96.3034240631555	236.07580000000002	497.55062070297726	360.48211977246785	1585375200000
03/29/2020	218.00654638084077	80.43990687730987	271.0179	507.3899224081151	412.17529695411224	1585461600000
03/30/2020	400.23698488102406	70.58853348871676	567.0	519.1399324878097	846.9781749122349	1585548000000
03/31/2020	240.94541355332896	38.862163476343376	620.0	532.4100974062334	670.5598239931069	1585634400000
04/01/2020	258.1535123645627	37.963751818318045	680.0	547.0952422415131	733.4265256513322	1585720800000
04/02/2020	279.42526704893163	38.172850689744756	732.0	563.2521479815567	786.5816635252162	1585807200000
04/03/2020	303.1607222059503	39.016823964729774	777.0	581.0302217474431	834.4240148272653	1585893600000
04/04/2020	269.9461300977526	61.2330228126398	440.85056999999995	600.6342421680727	473.1965861090472	1585980000000
04/05/2020	273.87450838006663	56.04652789628543	488.6556200000001	622.3061893722913	523.6895362090828	1586066400000
04/06/2020	295.85873581017256	57.25158731994269	516.76949	646.3185215296181	551.2614634279017	1586152800000
04/07/2020	317.0513510005069	60.97851976229085	519.939402	672.9744563644525	617.9465600578575	1586239200000
04/08/2020	288.6970577726983	54.995163771389734	524.9499010000001	702.6127391925378	613.7415154117765	1586325600000
04/09/2020	289.7722251679354	50.85091941201708	569.8465799999999	735.61554693911	669.4623000059157	1586412000000
04/10/2020	265.1034662164737	43.70857518164479	606.52507	772.4188972508292	730.6328300331871	1586498400000
04/11/2020	230.97081130257362	36.29129549061435	636.4358400000002	813.5253864328668	766.1906586512221	1586584800000
04/12/2020	362.58017353641856	46.49528743807122	779.8213399999999	859.5193794777142	943.9265741012252	1586671200000
04/13/2020	349.6283636243793	44.98943089239514	777.1344440000001	911.084985894485	948.4181694180011	1586757600000
04/14/2020	377.03071471022565	50.06490441983788	753.0838599999998	969.0273154690792	863.1449214319279	1586844000000
04/15/2020	338.54951293338235	38.98516511094837	868.4060000000001	1034.2976403832663	980.8296841564238	1586930400000
04/16/2020	371.7900986603656	46.699325327551854	796.1359100000002	1108.0232042561586	885.0208117974829	1587016800000
04/17/2020	403.41926733944763	40.092531940857306	1006.2204799999997	1191.5425149445532	1146.0188045754403	1587103200000
04/18/2020	428.9868301225004	39.26652440055089	1092.5001300000004	1286.4470270816196	1270.4339674726075	1587189600000
04/19/2020	458.0396260849122	38.37634942820669	1193.546632	1394.6301417648222	1433.4747394026	1587276000000
04/20/2020	494.32004606935396	39.07758211367515	1264.9709100000007	1518.344389126088	1556.545399620686	1587362400000
04/21/2020	542.4623198206948	41.440980584831195	1308.9997200000003	1660.2674592653261	1607.8180470869347	1587448800000
04/22/2020	560.2129176165988	39.98651179537773	1401.0047200000001	1823.5773258512086	1735.15638222852	1587535200000
04/23/2020	478.61778603225883	34.11387789651191	1403.000232	2012.0359477303289	1760.7183003283108	1587621600000
04/24/2020	510.93370592488344	32.235536996645315	1585.001379	2230.0797794395944	2053.355113679243	1587708000000
04/25/2020	599.1691117749679	33.52726084625689	1787.1102400000013	2482.9133726844575	2362.2227792446593	1587794400000
04/26/2020	581.7781029649911	31.964956434714605	1820.0497289999996	2776.5994822737234	2426.573657735047	1587880800000
04/27/2020	684.9923464491728	34.778007590726304	1969.6135399999991	3118.1350959434467	2692.6369042136857	1587967200000
04/28/2020	1210.0090501084157	53.453333643172535	2263.673690000001	3367.117625171195	2515.074194614083	1588053600000
04/29/2020	955.5479880690573	36.83000463094515	2594.4824000000012	3549.822835564231	2904.794522428027	1588140000000
04/30/2020	739.571854286539	25.023724442014895	2955.4827299999997	3686.220614867221	3331.4313862233466	1588226400000
05/01/2020	474.9192299999965	13.820065608461196	3436.447	3791.5116844887298	3908.995093361176	1588312800000
05/02/2020	612.5646655805864	15.964411579457726	3837.0638499999995	3877.290311983907	4413.812329787814	1588399200000
05/03/2020	493.2434971691319	13.54113105921084	3642.55759	3952.4244615716366	4216.231536197354	1588485600000
05/04/2020	1378.9091931660225	44.43941823939488	3102.8965900000017	4023.723393211711	3676.5784804989667	1588572000000
05/05/2020	915.3766239478364	27.500596575931358	3328.57006	4096.4456334821425	3727.621585435674	1588658400000
05/06/2020	821.0203402623547	22.30795104970886	3680.39332	4174.687048113133	4143.748396379368	1588744800000
05/07/2020	1005.0793307036231	24.238378948069567	4146.644182999999	4261.6787518287865	4676.811965412161	1588831200000
05/08/2020	1156.70481255313	25.76607057468955	4489.25578	4360.017106390986	5067.235094666058	1588917600000
05/09/2020	1213.15983717918	26.20402913460021	4629.6690899999985	4471.842489399025	5224.500773245112	1589004000000
05/10/2020	1123.9812859446001	24.677332163510236	4554.711500000002	4598.979388288456	5165.157435098373	1589090400000
05/11/2020	972.0607240256405	22.054865852446333	4407.466046400002	4743.04731807213	5060.248676099811	1589176800000
05/12/2020	1030.9856362440212	23.2261395670755	4438.902269	4905.549799776985	5152.662361194226	1589263200000
05/13/2020	800.4426625919085	18.607403498484956	4301.742919999998	5087.946962472693	4897.374068446927	1589349600000
05/14/2020	616.1214124498019	13.953984394810298	4415.3798300000035	5291.71609285641	5090.245774214566	1589436000000
05/15/2020	468.47937372566093	9.695969355349117	4831.69198	5518.403540893887	5628.3637529079	1589522400000
05/16/2020	698.4541209793434	14.57199421842977	4793.126531	5769.670716500311	5503.824744405962	1589608800000
05/17/2020	701.5873214447199	14.355881209597008	4887.107319999999	6047.336421221222	5646.646284916662	1589695200000
05/18/2020	756.6089739258751	15.302381347430522	4944.387129999999	6353.417406891362	5826.653361181265	1589781600000
05/19/2020	999.5531932190236	20.709579923317076	4826.5256800000025	6513.536714534671	5860.1036905173105	1589868000000
05/20/2020	936.566063984745	19.713884386114103	4750.7941390000005	6569.797855491343	5667.120654312445	1589954400000
05/21/2020	797.4852091342723	16.119255972560392	4947.407066999999	6553.183870540262	5878.523028049644	1590040800000
05/22/2020	572.9661081940716	10.41199590509361	5502.942120000001	6486.462885111691	6524.994170370312	1590127200000
05/23/2020	528.6248973406368	9.493166325777064	5568.4782000000005	6386.331012418219	6547.14310665729	1590213600000
05/24/2020	828.3421886541934	14.697041607714372	5636.1151500000005	6264.99474816211	6536.448168481068	1590300000000
05/25/2020	1109.2810123351	19.524908429570825	5681.363455999998	6131.341043139423	6514.018009328875	1590386400000
05/26/2020	973.3236192755935	17.193244096884374	5661.081840000001	5991.80370879551	5962.475591301364	1590472800000
05/27/2020	699.993414594385	13.215679225456961	5296.688900000001	5851.005875364644	5594.557764064995	1590559200000
05/28/2020	501.7707633848357	9.450281245557035	5309.5855070000025	5712.237048860033	5660.161034019206	1590645600000
05/29/2020	556.8829307309104	9.97717247976933	5581.570649	5577.807816718033	6018.558393826515	1590732000000
05/30/2020	593.1673774530202	11.231656850486866	5281.209934999998	5449.31390371172	5622.133428395564	1590818400000
05/31/2020	556.7854366981754	10.931223424748131	5093.532672999998	5327.832961916419	5344.129186223148	1590904800000
06/01/2020	707.3893961620006	15.04454649724054	4701.965568000002	5214.071374722207	4847.948872625105	1590991200000
06/02/2020	858.5132986615336	20.698894721231124	4147.6287029999985	5108.473869560183	5080.322921039934	1591077600000
06/03/2020	696.361037029717	18.64677328345301	3734.485459999998	5011.305432724681	4559.331366980126	1591164000000
06/04/2020	537.7567434032688	14.484674963061273	3712.5910300000014	4922.712585526158	4527.383281334115	1591250400000
06/05/2020	460.45973323745045	11.719655776601353	3928.95271	4842.769282697721	4785.646058334056	1591336800000
06/06/2020	519.6702358570019	12.90886667579659	4025.6844300000002	4771.511362538351	4924.314897061673	1591423200000
06/07/2020	563.5041463155032	15.375707975622094	3664.8988600000002	4708.962490136573	4458.939086467092	1591509600000
06/08/2020	758.9890443626346	22.519035962634607	3370.4331110000007	4655.153799668313	4090.5902874309377	1591596000000
06/09/2020	426.95890380922026	13.707795896444427	3114.7159399999987	4610.138892775748	4384.454810863686	1591682400000
06/10/2020	538.4904803256796	18.097063047658768	2975.56835	4574.005438539884	4149.334648420455	1591768800000
06/11/2020	432.76458749435477	13.64473453946372	3171.6599999999985	4498.863874531629	4381.367279533199	1591855200000
06/12/2020	467.50577354368164	13.469958114355167	3470.7292300000004	4396.885752591278	4794.588831594146	1591941600000
06/13/2020	363.41074556396586	11.145332226118896	3260.654220000001	4277.495214214572	4465.163702872792	1592028000000
06/14/2020	413.45641522779044	13.40705030661607	3083.87308	4147.906601590694	4212.663693473067	1592114400000
06/15/2020	382.5610694002092	13.673407744597403	2797.8472999999985	4013.587128229623	3793.6801766355643	1592200800000
06/16/2020	674.622990071034	26.158553324764227	2578.9766799999998	3878.641321598042	3351.6253925833253	1592287200000
06/17/2020	571.2364662548837	22.392783712438142	2550.9846100000004	3746.123589127842	3290.6089796792967	1592373600000
06/18/2020	295.947864150683	10.81621122964452	2736.1509300000007	3618.2888408356584	3540.288630206774	1592460000000
06/19/2020	431.31427577993105	14.756848397364445	2922.8075274999997	3496.7917206083594	3795.193375929634	1592546400000
06/20/2020	366.293298098955	12.87988915803257	2843.9165399999997	3382.844270257478	3645.092726869559	1592632800000
06/21/2020	424.58859087337413	15.056565638972454	2819.956429999999	3277.3406069702273	3564.9729009076464	1592719200000
06/22/2020	394.14216404291915	14.46134847532673	2725.4869400000002	3180.9558492865367	3412.2996527007986	1592805600000
