time	total error	% error	count	predicted	27001 reported	27001 predicted	27001% error	27003 reported	27003 predicted	27003% error	27005 reported	27005 predicted	27005% error	27007 reported	27007 predicted	27007% error	27009 reported	27009 predicted	27009% error	27011 reported	27011 predicted	27011% error	27013 reported	27013 predicted	27013% error	27015 reported	27015 predicted	27015% error	27017 reported	27017 predicted	27017% error	27019 reported	27019 predicted	27019% error
60	0.0	0.00	17.00	34.38	0.00	0.00	NaN	10.03	10.03	0.00	0.00	0.00	NaN	0.00	0.00	NaN	2.00	2.00	0.00	0.00	0.00	NaN	8.15	8.15	0.00	0.00	0.00	NaN	0.00	0.00	NaN	14.19	14.19	0.00
61	10.195789349006407	46.34	22.00	44.85	0.00	0.05	Infinity	14.05	16.21	30.92	0.00	0.08	Infinity	0.00	1.02	Infinity	2.00	2.59	58.90	1.96	0.05	190.93	10.19	11.13	18.73	0.00	0.38	Infinity	0.00	0.10	Infinity	16.22	13.25	37.14
62	19.538606428259556	88.81	22.00	52.53	0.00	0.09	Infinity	14.05	20.85	97.24	0.00	0.15	Infinity	0.00	1.80	Infinity	2.00	3.02	102.33	1.96	0.09	186.93	10.19	13.22	60.60	0.00	0.75	Infinity	0.00	0.18	Infinity	16.22	12.37	48.06
63	47.464054285645766	678.06	7.00	57.94	0.00	0.12	Infinity	0.00	24.25	Infinity	0.00	0.20	Infinity	0.00	2.39	Infinity	2.00	3.33	133.31	1.96	0.12	183.91	10.19	14.63	88.88	0.00	1.09	Infinity	0.00	0.24	Infinity	0.00	11.56	Infinity
64	27.528193223605808	114.70	24.00	61.52	0.00	0.14	Infinity	16.06	26.63	132.24	0.00	0.24	Infinity	0.00	2.82	Infinity	2.00	3.54	154.30	1.96	0.14	181.71	12.23	15.53	54.95	0.00	1.39	Infinity	0.00	0.28	Infinity	16.22	10.80	67.73
65	43.942238020279525	378.19	11.62	63.64	0.00	0.16	Infinity	3.25	28.21	1541.50	0.00	0.27	Infinity	1.82	3.12	129.14	2.00	3.67	167.32	1.96	0.16	180.16	14.27	16.01	24.90	0.00	1.64	Infinity	0.00	0.32	Infinity	0.00	10.09	Infinity
66	40.98343284079743	274.26	14.94	65.81	0.00	0.18	Infinity	0.00	29.81	Infinity	0.00	0.31	Infinity	3.65	3.32	16.41	0.00	3.85	Infinity	1.96	0.17	179.00	14.27	16.37	30.09	0.00	1.84	Infinity	0.00	0.36	Infinity	10.02	9.60	8.50
67	32.08870373849318	156.34	20.53	68.03	0.00	0.19	Infinity	9.32	31.46	476.81	0.00	0.35	Infinity	3.65	3.45	9.87	0.00	4.06	Infinity	1.96	0.18	178.12	16.31	16.65	4.37	0.00	1.99	Infinity	0.00	0.41	Infinity	9.90	9.28	12.65
68	32.83850259388119	71.39	46.00	70.32	0.00	0.20	Infinity	44.15	33.18	49.87	0.00	0.39	Infinity	5.47	3.52	65.02	2.00	4.31	230.60	1.96	0.19	177.48	18.34	16.87	16.34	0.00	2.12	Infinity	0.00	0.47	Infinity	20.27	9.08	111.93
69	27.114940864549336	53.17	51.00	72.70	0.00	0.22	Infinity	43.43	34.97	36.78	0.00	0.43	Infinity	4.00	3.55	11.27	2.00	4.58	258.00	1.98	0.19	178.95	17.96	17.03	10.26	2.00	2.22	10.90	1.36	0.53	82.96	20.19	8.98	112.13
70	32.56510065589872	59.21	55.00	75.18	0.00	0.23	Infinity	49.09	36.84	47.14	0.00	0.49	Infinity	4.00	3.54	11.55	2.00	4.88	288.11	1.98	0.19	178.61	17.96	17.15	8.93	2.00	2.30	15.12	2.72	0.61	105.74	20.19	8.95	112.43
71	41.82184404629615	68.56	61.00	77.77	0.00	0.24	Infinity	56.65	38.80	59.50	0.00	0.55	Infinity	4.00	3.50	12.52	2.00	5.21	320.90	1.98	0.20	178.38	19.95	17.24	27.09	2.00	2.37	18.63	4.08	0.69	112.97	20.19	8.97	112.18
72	50.35889712873911	75.16	67.00	80.49	0.00	0.26	Infinity	64.20	40.85	68.67	0.00	0.61	Infinity	4.00	3.44	14.02	2.00	5.56	356.38	1.98	0.20	178.23	19.95	17.31	26.42	2.00	2.43	21.50	6.81	0.79	120.26	20.19	9.04	111.52
73	36.99060703793735	82.99	44.58	83.36	0.00	0.27	Infinity	44.38	43.01	5.81	0.00	0.68	Infinity	5.00	3.36	32.74	0.00	5.95	Infinity	0.00	0.20	Infinity	10.12	17.37	142.81	3.00	2.47	17.50	10.89	0.91	124.80	0.00	9.14	Infinity
74	34.86707797092954	71.75	48.60	86.38	0.00	0.29	Infinity	46.61	45.28	5.37	0.00	0.76	Infinity	6.00	3.28	45.41	0.00	6.36	Infinity	0.00	0.20	Infinity	13.80	17.41	52.22	3.00	2.51	16.29	10.89	1.03	123.20	0.00	9.26	Infinity
75	43.658134707567214	74.58	58.54	89.56	0.00	0.30	Infinity	55.20	47.67	25.75	0.00	0.85	Infinity	6.00	3.18	47.01	0.00	6.80	Infinity	0.00	0.20	Infinity	16.58	17.45	10.46	5.00	2.54	49.19	13.61	1.18	124.33	0.00	9.40	Infinity
76	57.01729982448239	82.59	69.04	92.94	0.00	0.32	Infinity	56.69	50.18	21.69	0.00	0.95	Infinity	6.00	3.08	48.70	0.00	7.27	Infinity	0.00	0.20	Infinity	25.97	17.47	65.32	7.00	2.57	63.32	17.70	1.35	125.77	0.00	9.56	Infinity
77	51.8285746729178	77.30	67.05	96.52	0.00	0.34	Infinity	58.58	52.82	18.58	0.00	1.06	Infinity	4.50	2.97	33.95	0.00	7.78	Infinity	0.00	0.20	Infinity	20.99	17.49	33.26	7.00	2.59	62.96	19.06	1.53	125.16	0.00	9.73	Infinity
78	62.70394791971524	86.80	72.24	100.31	0.00	0.36	Infinity	67.96	55.59	34.37	0.00	1.18	Infinity	2.17	2.87	32.45	0.00	8.32	Infinity	0.00	0.20	Infinity	24.10	17.50	54.65	7.00	2.62	62.62	20.42	1.75	124.47	0.00	9.92	Infinity
79	54.45857356776101	78.06	69.77	104.33	0.00	0.38	Infinity	60.78	58.51	7.03	0.00	1.32	Infinity	2.32	2.76	19.28	0.00	8.90	Infinity	0.00	0.20	Infinity	22.48	17.51	44.09	6.00	2.64	56.03	24.50	1.99	125.05	0.00	10.12	Infinity
80	58.60309277693719	87.51	66.97	108.61	0.00	0.40	Infinity	56.94	61.59	15.41	0.00	1.47	Infinity	1.20	2.66	120.94	0.00	9.52	Infinity	0.00	0.20	Infinity	21.17	17.52	34.43	6.00	2.66	55.70	25.86	2.27	124.18	0.00	10.32	Infinity
81	69.95832533288564	86.52	80.86	113.15	0.00	0.43	Infinity	75.10	64.82	25.84	3.99	1.64	117.77	0.09	2.56	2719.80	0.00	10.18	Infinity	0.00	0.20	Infinity	21.86	17.52	39.57	3.55	2.68	24.53	32.36	2.59	125.25	1.47	10.54	1248.83
82	63.297220204971644	77.56	81.62	117.98	0.00	0.46	Infinity	73.39	68.23	13.28	3.99	1.82	108.39	0.52	2.45	373.67	0.00	10.90	Infinity	0.00	0.19	Infinity	23.78	17.54	52.38	3.76	2.68	28.58	30.98	2.95	123.19	3.62	10.76	397.38
83	53.82049145279676	67.27	80.00	123.12	0.00	0.48	Infinity	67.12	71.82	12.21	3.98	2.03	97.35	0.97	2.36	264.10	0.00	11.66	Infinity	0.00	0.19	Infinity	21.03	17.55	32.22	6.07	2.70	89.62	22.64	3.35	85.19	3.68	10.99	402.98
84	53.79237232021393	65.89	81.64	128.59	0.00	0.52	Infinity	68.44	75.59	18.25	1.99	2.27	27.51	1.23	2.26	153.39	0.00	12.47	Infinity	0.00	0.19	Infinity	23.68	17.55	50.30	6.18	2.71	90.65	21.59	3.82	82.32	6.44	11.23	150.80
85	53.81023945012956	75.98	70.82	134.42	0.00	0.55	Infinity	65.25	79.56	38.27	1.99	2.52	53.30	0.00	2.17	Infinity	0.00	13.34	Infinity	0.00	0.19	Infinity	15.51	17.56	25.59	4.48	2.72	63.40	18.42	4.34	76.42	6.63	11.47	148.09
86	47.11437930560876	53.61	87.88	140.64	3.20	0.59	260.19	78.49	83.73	11.66	1.99	2.81	81.98	0.00	2.09	Infinity	5.94	14.27	280.39	0.00	0.19	Infinity	14.71	17.56	37.67	4.70	2.74	67.31	23.77	4.94	79.21	7.52	11.73	113.47
87	57.65204987205441	69.82	82.58	147.27	3.20	0.64	255.56	73.87	88.12	33.69	1.99	3.13	113.86	0.00	2.00	Infinity	5.96	15.26	311.78	0.00	0.19	Infinity	13.07	17.56	66.74	1.47	2.75	140.03	23.83	5.62	76.42	7.76	11.99	110.70
88	58.34626093394695	68.56	85.10	154.34	3.20	0.69	250.43	88.11	92.74	9.19	1.99	3.48	149.30	0.00	1.93	Infinity	6.06	16.32	337.97	0.07	0.19	346.41	3.43	17.56	800.02	0.00	2.77	Infinity	23.45	6.39	72.76	8.82	12.27	79.40
89	57.67406997227271	64.54	89.36	161.89	3.20	0.75	244.88	88.42	97.61	18.15	1.99	3.88	188.70	0.00	1.85	Infinity	6.15	17.46	367.12	0.16	0.19	40.39	9.07	17.56	182.29	0.00	2.78	Infinity	24.11	7.26	69.87	9.71	12.55	59.20
90	64.58623025582176	73.18	88.26	169.96	3.20	0.81	238.64	84.10	102.73	38.68	1.99	4.31	232.48	1.07	1.78	122.39	6.23	18.67	399.31	0.23	0.19	36.51	8.87	17.56	190.81	1.31	2.80	182.21	23.75	8.26	65.22	10.47	12.84	46.00
91	49.90659830695101	49.98	99.86	178.58	3.20	0.88	231.58	97.98	108.12	18.06	3.98	4.80	41.05	3.20	1.72	85.32	6.29	19.97	434.58	0.29	0.19	71.19	14.09	17.57	47.94	1.67	2.81	111.06	22.66	9.39	58.58	9.67	13.15	72.82
92	60.72331750273659	54.39	111.64	187.81	3.20	0.96	223.50	130.16	113.79	21.96	3.98	5.34	68.05	2.41	1.66	57.14	6.12	21.35	497.79	0.12	0.19	107.36	10.39	17.56	134.15	0.69	2.83	500.36	20.16	10.66	47.11	7.57	13.46	157.84
93	68.8120391900509	54.76	125.65	197.69	3.20	1.05	214.45	141.82	119.75	27.17	0.60	5.94	1776.34	3.23	1.60	92.63	6.29	22.84	525.04	0.30	0.19	74.28	16.16	17.56	16.94	1.70	2.85	109.57	24.76	12.11	51.07	8.02	13.79	145.98
94	76.79965840964938	57.59	133.36	208.27	3.20	1.15	204.44	153.07	126.03	30.84	0.51	6.61	2392.31	3.02	1.55	89.29	6.25	24.42	581.01	2.23	0.19	181.68	15.18	17.56	30.58	1.44	2.87	160.33	25.19	13.76	45.37	9.44	14.13	100.69
95	82.64675127112683	57.32	144.18	219.62	3.20	1.26	193.33	165.62	132.64	34.77	0.38	7.35	3659.94	2.72	1.51	81.98	6.18	26.11	643.89	2.17	0.19	181.22	17.68	17.56	1.32	1.07	2.89	272.27	27.48	15.63	43.12	10.62	14.48	73.80
96	83.24953473037817	55.30	150.53	231.80	3.20	1.39	181.09	170.34	139.60	31.51	2.27	8.17	518.07	3.12	1.47	97.60	6.27	27.93	689.87	2.26	0.19	181.90	19.83	17.57	22.16	1.57	2.91	137.68	28.75	17.75	38.26	10.02	14.85	97.52
97	73.81710610136071	43.73	168.81	243.62	5.10	1.51	359.20	133.14	146.91	12.50	1.11	8.79	692.65	2.81	1.45	87.88	5.11	29.54	478.27	2.17	0.19	178.91	19.40	17.72	13.41	2.28	2.91	82.01	28.93	19.15	33.79	6.52	15.45	136.94
98	70.16246365434802	38.43	182.58	255.25	0.85	1.63	464.93	143.56	154.60	9.29	1.17	9.25	692.72	3.34	1.45	102.85	6.67	31.02	365.24	2.29	0.19	179.45	23.04	17.99	34.03	3.52	2.89	53.31	28.35	19.99	29.48	8.34	16.23	94.58
99	67.80935614999674	32.58	208.10	266.87	0.88	1.74	501.33	158.96	162.67	2.83	1.17	9.60	718.92	3.39	1.47	103.08	11.69	32.42	177.39	2.29	0.20	179.09	29.43	18.34	58.47	3.62	2.88	61.39	30.85	20.38	33.94	9.41	17.17	82.47
100	61.24275122159206	26.78	228.69	278.61	0.96	1.84	471.59	174.44	171.16	2.27	4.19	9.85	135.26	3.53	1.49	104.90	16.75	33.76	101.58	2.33	0.20	178.80	29.98	18.76	58.11	3.95	2.87	81.80	29.75	20.42	31.36	9.63	18.25	89.56
101	69.98287289789903	25.77	271.57	290.59	0.96	1.93	513.02	203.95	180.09	14.13	9.19	10.04	9.22	3.53	1.53	103.36	24.75	35.08	41.73	2.33	0.21	178.23	33.40	19.23	65.88	3.96	2.86	83.32	28.96	20.19	30.27	13.63	19.44	42.60
102	53.6591828612969	20.67	259.64	302.92	0.00	2.00	Infinity	200.17	189.47	6.46	8.99	10.16	13.10	1.70	1.56	14.82	26.95	36.39	35.05	1.93	0.22	173.87	33.67	19.74	64.25	0.00	2.86	Infinity	22.52	19.77	12.24	11.82	20.75	75.59
103	81.40460893718372	40.28	202.09	315.70	0.00	2.05	Infinity	164.03	199.34	26.00	10.22	10.25	0.36	0.00	1.61	Infinity	28.43	37.71	32.65	1.19	0.22	158.84	21.43	20.29	8.27	0.00	2.85	Infinity	7.10	19.19	170.43	6.12	22.18	262.56
104	73.39781252897293	31.78	230.92	329.00	0.00	2.10	Infinity	167.41	209.72	30.52	12.17	10.31	15.30	0.00	1.65	Infinity	41.34	39.05	5.54	1.15	0.23	155.88	22.06	20.86	8.38	0.00	2.85	Infinity	6.23	18.51	197.28	17.77	23.72	33.44
105	77.68705708296213	29.16	266.43	342.92	0.00	2.14	Infinity	188.52	220.63	20.57	13.16	10.34	21.42	0.00	1.70	Infinity	52.31	40.41	22.75	1.13	0.24	153.79	22.68	21.47	8.30	0.00	2.86	Infinity	0.00	17.75	Infinity	29.67	25.37	14.49
106	60.75899023082188	19.26	315.41	357.51	0.00	2.17	Infinity	229.17	232.11	1.55	15.21	10.35	31.95	0.00	1.75	Infinity	57.42	41.80	27.20	0.00	0.25	Infinity	26.91	22.10	27.78	0.00	2.88	Infinity	0.00	16.95	Infinity	35.68	27.15	23.91
107	86.09741917834248	24.00	358.74	372.84	2.87	2.19	121.21	257.12	244.17	6.08	19.13	10.35	45.90	0.00	1.80	Infinity	68.25	43.23	36.66	0.00	0.26	Infinity	20.69	22.75	15.47	0.00	2.90	Infinity	0.00	16.13	Infinity	44.57	29.06	34.81
108	119.03863730336649	29.30	406.24	388.99	2.49	2.21	56.75	283.70	256.86	11.43	21.98	10.33	52.98	0.00	1.86	Infinity	78.95	44.70	43.38	0.00	0.27	Infinity	28.92	23.43	29.45	0.00	2.93	Infinity	0.00	15.30	Infinity	51.29	31.10	39.37
109	104.51829091825795	25.49	410.04	406.00	2.50	2.23	55.84	288.82	270.20	7.78	21.98	10.31	53.10	0.00	1.92	Infinity	80.94	46.22	42.90	0.00	0.29	Infinity	23.55	24.13	3.82	0.00	2.96	Infinity	0.00	14.47	Infinity	52.31	33.28	36.38
110	100.53270298632779	23.71	424.09	423.94	2.56	2.24	64.35	300.04	284.24	6.36	22.01	10.28	53.28	0.00	1.97	Infinity	76.02	47.79	37.14	0.00	0.30	Infinity	24.96	24.86	0.60	0.00	2.99	Infinity	0.00	13.66	Infinity	61.05	35.61	41.67
111	100.64589453771453	22.92	439.09	442.87	0.82	2.25	277.36	295.90	299.00	1.16	22.03	10.25	53.50	0.00	2.03	Infinity	75.74	49.40	34.77	0.00	0.31	Infinity	10.60	25.61	141.52	0.00	3.04	Infinity	0.00	12.87	Infinity	62.83	38.10	39.36
112	94.63379791296707	20.93	452.15	462.85	0.92	2.27	235.65	307.36	314.51	2.57	20.87	10.21	51.10	0.00	2.10	Infinity	70.07	51.07	27.11	0.00	0.32	Infinity	14.84	26.38	77.83	0.00	3.09	Infinity	0.00	12.12	Infinity	68.07	40.77	40.10
113	86.05585951152652	18.81	457.39	483.93	1.02	2.29	197.93	320.40	330.83	3.60	16.40	10.17	38.02	0.00	2.16	Infinity	67.57	52.80	21.86	0.00	0.34	Infinity	15.26	27.18	78.12	0.00	3.15	Infinity	0.00	11.39	Infinity	68.01	43.62	35.86
114	77.39314422359146	15.79	490.26	506.17	1.07	2.31	184.17	348.51	347.98	0.17	17.72	10.12	42.88	1.29	2.23	91.00	72.51	54.58	24.73	0.00	0.35	Infinity	14.93	28.00	87.57	0.00	3.22	Infinity	0.00	10.71	Infinity	68.48	46.67	31.85
115	80.07760225341306	15.67	511.10	529.65	2.67	2.34	20.01	368.81	366.02	0.84	15.75	10.08	36.01	1.30	2.30	96.71	73.56	56.43	23.29	0.00	0.37	Infinity	12.66	28.84	127.89	0.00	3.29	Infinity	0.00	10.06	Infinity	73.17	49.93	31.77
116	61.517873510179236	12.45	493.98	554.41	2.72	2.36	20.66	369.55	384.99	4.62	13.51	10.03	25.71	1.50	2.37	72.50	66.62	58.34	12.43	0.00	0.38	Infinity	16.72	29.71	77.74	0.00	3.37	Infinity	0.00	9.45	Infinity	60.31	53.40	11.46
117	57.18713470669566	11.49	497.91	580.54	4.38	2.39	72.51	384.12	404.95	6.00	12.90	9.99	22.58	1.82	2.44	42.38	61.88	60.32	2.52	0.97	0.40	116.90	20.42	30.62	49.98	0.00	3.44	Infinity	0.00	8.88	Infinity	50.93	57.11	12.14
118	55.10035205079358	10.89	506.02	595.99	4.42	2.47	70.47	388.38	416.54	8.02	9.77	9.96	1.91	1.98	2.54	35.13	60.97	61.12	0.24	1.05	0.43	117.68	25.08	31.10	24.00	0.00	3.53	Infinity	0.00	8.34	Infinity	54.38	59.96	10.26
119	99.16112774626833	21.19	468.02	603.01	2.50	2.57	4.14	365.30	421.52	17.03	5.25	9.94	89.28	2.13	2.66	31.38	53.60	60.99	13.78	1.13	0.47	115.59	30.13	31.26	3.74	0.00	3.63	Infinity	0.00	7.85	Infinity	45.11	62.12	37.69
120	88.51176946388111	18.54	477.51	603.42	2.69	2.69	0.17	382.41	421.31	11.26	4.02	9.94	147.19	2.55	2.80	12.11	49.15	60.14	22.36	1.35	0.52	121.53	28.81	31.17	8.19	0.00	3.71	Infinity	0.00	7.39	Infinity	45.58	63.74	39.83
121	46.48887602062988	8.95	519.46	598.71	2.78	2.81	1.70	411.25	417.09	1.57	4.79	9.94	107.29	4.03	2.95	33.52	52.20	58.74	12.53	1.48	0.59	119.41	33.67	30.90	8.21	0.00	3.79	Infinity	0.00	6.96	Infinity	51.49	64.94	26.14
122	63.48385921449484	12.04	527.31	590.08	5.92	2.94	80.41	423.89	409.79	3.68	3.37	9.94	195.30	6.40	3.11	64.16	52.49	56.93	8.48	1.41	0.66	105.23	32.26	30.50	5.48	0.00	3.84	Infinity	0.00	6.56	Infinity	46.63	65.81	41.13
123	106.22630842941881	18.79	565.46	578.51	5.96	3.06	77.64	459.06	400.18	14.19	3.69	9.95	169.79	6.49	3.28	61.80	50.75	54.83	8.03	1.46	0.75	97.02	35.13	29.99	14.61	0.00	3.87	Infinity	0.00	6.19	Infinity	51.42	66.41	29.16
124	114.36278937971196	19.91	574.28	564.77	5.91	3.18	73.72	463.71	388.87	17.86	4.84	9.96	105.66	6.38	3.46	57.12	47.86	52.52	9.74	1.40	0.84	78.76	34.76	29.42	15.37	0.00	3.88	Infinity	0.00	5.83	Infinity	58.31	66.80	14.57
125	75.7317189153926	13.86	546.30	549.49	4.69	3.30	29.64	400.40	376.36	6.00	4.18	9.97	253.55	2.74	3.64	32.90	70.79	50.08	53.28	0.69	0.95	38.71	35.84	28.79	19.67	0.00	3.87	Infinity	0.00	5.50	Infinity	60.81	67.03	10.23
126	46.97898878048873	9.23	508.91	533.18	4.70	3.41	27.62	369.86	363.02	1.85	2.61	9.99	517.50	2.67	3.84	43.76	59.62	47.57	36.81	0.70	1.07	52.39	33.78	28.12	16.75	1.44	3.85	459.56	0.00	5.19	Infinity	62.50	67.12	7.39
127	65.89813795754193	12.87	512.12	516.24	3.66	3.51	4.02	367.67	349.17	5.03	0.00	10.00	Infinity	3.97	4.05	2.01	61.94	45.04	49.69	1.77	1.21	31.47	36.94	27.43	25.73	2.34	3.82	173.11	0.00	4.90	Infinity	63.27	67.11	6.08
128	86.89617169870299	16.27	534.08	498.99	3.75	3.61	3.87	368.23	335.07	9.00	0.51	10.01	3445.61	4.26	4.26	0.14	54.98	42.52	41.29	1.83	1.37	25.28	46.15	26.73	42.08	3.22	3.77	47.01	3.10	4.63	98.39	76.67	67.01	12.60
129	60.39492053099939	12.13	497.75	481.68	3.63	3.70	2.00	343.18	320.91	6.49	5.37	10.02	158.70	4.16	4.49	7.82	38.55	40.04	7.02	0.72	1.55	114.83	42.91	26.02	39.36	5.68	3.72	94.45	1.72	4.37	307.56	76.12	66.85	12.17
130	39.88436668483618	8.69	458.87	464.50	3.60	3.79	5.30	318.01	306.83	3.51	8.79	10.03	25.94	5.10	4.72	7.35	32.40	37.62	29.36	1.70	1.75	2.96	37.69	25.31	32.85	8.23	3.66	152.12	0.00	4.14	Infinity	67.19	66.64	0.82
131	52.64504723438097	11.89	442.91	447.62	3.59	3.88	7.93	306.38	292.97	4.38	8.67	10.05	29.19	5.08	4.97	2.15	21.62	35.28	115.05	2.69	1.98	26.59	33.98	24.61	27.59	8.17	3.60	153.42	0.00	3.91	Infinity	71.61	66.38	7.30
132	72.13665432144153	19.21	375.45	431.13	6.51	3.96	39.22	253.68	279.39	10.14	7.29	10.06	69.67	5.90	5.23	11.41	8.14	33.03	557.37	4.63	2.23	51.79	28.32	23.91	15.58	7.63	3.53	147.34	0.00	3.70	Infinity	65.17	66.09	1.41
133	87.66364105345525	25.30	346.49	415.15	6.54	4.04	38.27	232.90	266.18	14.29	7.70	10.07	56.24	6.85	5.50	19.71	3.32	30.88	1510.77	4.65	2.52	45.78	27.58	23.22	15.79	7.50	3.46	147.85	0.00	3.51	Infinity	59.20	65.77	11.10
134	69.91353727095711	20.12	347.57	399.72	4.50	4.11	8.54	226.53	253.38	11.85	15.24	10.08	62.11	4.99	5.78	15.76	8.22	28.83	456.58	4.75	2.85	39.94	28.79	22.55	21.68	5.70	3.38	111.52	0.00	3.33	Infinity	63.10	65.43	3.70
135	81.78890393073044	23.79	343.75	384.90	5.62	4.19	25.46	209.81	241.02	14.88	18.25	10.09	81.97	5.24	6.08	16.11	9.87	26.89	313.89	7.81	3.22	58.73	29.86	21.88	26.72	9.05	3.31	174.01	0.00	3.16	Infinity	66.74	65.08	2.49
136	52.201120217915964	15.28	341.73	370.72	5.73	4.26	25.67	209.45	229.12	9.39	9.77	10.10	6.10	7.46	6.39	14.35	17.25	25.05	82.32	7.86	3.64	53.70	30.82	21.24	31.09	6.74	3.23	142.86	0.00	3.00	Infinity	63.16	64.70	2.45
137	46.17270004022173	14.10	327.54	357.21	4.67	4.33	7.23	202.79	217.70	7.35	9.59	10.10	9.78	8.43	6.71	20.33	18.27	23.31	50.25	8.86	4.11	53.55	27.32	20.60	24.59	6.53	3.15	141.72	1.03	2.85	351.70	57.32	64.32	12.22
138	36.70232704634915	11.75	312.49	344.37	4.61	4.40	4.58	199.36	206.76	3.71	9.03	10.11	21.92	7.27	7.05	3.00	11.91	21.68	149.40	8.83	4.65	47.36	23.17	19.99	13.74	0.59	3.08	1147.55	1.83	2.72	97.22	56.65	63.93	12.86
139	56.752305778091916	20.29	279.77	332.21	5.69	4.46	21.96	175.84	196.30	11.63	12.03	10.12	27.92	9.16	7.41	28.40	7.23	20.15	354.77	8.25	5.25	38.62	18.46	19.39	5.04	0.45	3.00	1571.55	1.23	2.59	214.99	74.18	63.53	19.48
140	46.56044827067895	17.66	263.64	320.74	5.75	4.53	21.61	174.73	186.31	6.63	12.56	10.13	34.00	9.33	7.79	24.66	5.90	18.72	430.78	9.35	5.94	38.80	8.94	18.81	110.47	0.78	2.92	770.68	2.42	2.47	4.16	64.62	63.13	3.13
141	32.33909720500253	11.54	280.34	311.00	4.84	4.51	6.82	179.69	178.08	0.90	8.37	10.07	35.81	9.75	7.98	26.88	12.77	17.39	71.76	9.43	6.40	34.21	13.62	19.06	40.00	1.47	2.90	274.67	7.20	2.42	129.90	69.80	62.19	14.80
142	49.456378110569865	16.61	297.71	302.62	5.01	4.44	11.61	188.91	171.21	9.37	11.55	9.97	24.01	8.68	8.04	10.91	16.04	16.15	1.30	7.38	6.68	10.16	16.49	19.91	20.77	0.00	2.95	Infinity	12.16	2.42	156.70	72.89	60.84	22.43
143	28.48127186134276	10.72	265.67	295.32	4.94	4.32	12.66	170.56	165.43	3.01	14.42	9.83	55.97	8.48	7.99	8.49	10.82	15.00	76.60	7.32	6.82	7.25	15.17	21.22	39.82	1.91	3.06	168.49	6.86	2.46	125.62	60.58	59.20	3.10
144	42.61505915950124	16.47	258.69	288.93	1.75	4.18	142.03	175.31	160.48	8.46	12.18	9.66	36.34	9.78	7.86	29.28	14.56	13.93	8.55	5.09	6.84	36.48	12.21	22.88	87.46	1.63	3.22	274.12	5.94	2.52	112.79	54.52	57.36	7.05
145	44.58023520293854	19.86	224.42	283.34	1.69	4.02	140.91	153.67	156.19	1.64	13.55	9.47	52.91	6.59	7.66	24.10	6.53	12.95	194.57	5.05	6.78	36.41	8.34	24.87	198.30	0.00	3.44	Infinity	5.16	2.60	97.12	51.47	55.38	10.31
146	45.68840591227495	21.40	213.50	278.47	1.69	3.84	129.47	146.11	152.42	4.32	9.97	9.27	12.47	6.61	7.41	18.09	4.73	12.03	305.81	5.05	6.64	33.46	9.44	27.14	187.60	4.22	3.71	33.90	5.26	2.69	95.48	47.27	53.32	17.36
147	54.86016114958778	26.64	205.93	274.29	0.78	3.67	375.60	138.46	149.06	7.66	7.29	9.05	42.36	6.92	7.13	4.63	6.78	11.18	128.57	2.96	6.46	125.44	15.12	29.69	96.39	1.88	4.03	320.21	8.90	2.80	134.19	42.54	51.22	27.68
148	46.16847569969252	19.95	231.37	270.76	0.95	3.49	273.64	151.86	146.03	3.84	8.33	8.83	10.41	4.29	6.83	88.20	13.68	10.40	47.59	3.12	6.24	106.15	18.11	32.53	79.60	8.13	4.40	128.59	10.88	2.91	143.33	46.87	49.11	6.49
149	62.31044140615742	25.79	241.64	267.88	1.06	3.32	217.43	160.13	143.26	10.54	7.28	8.60	31.87	3.07	6.51	166.11	19.05	9.67	97.61	2.17	5.99	187.33	20.49	35.68	74.11	2.97	4.81	174.10	8.31	3.03	124.37	49.93	47.02	7.91
150	40.43736547332672	16.23	249.13	265.66	0.99	3.15	222.65	148.04	140.69	4.96	10.36	8.37	33.66	4.38	6.18	61.08	18.91	9.00	103.92	2.10	5.72	183.94	36.63	39.14	6.87	8.29	5.27	102.05	5.50	3.16	83.31	50.70	44.97	15.34
151	46.411753726831044	17.59	263.93	264.11	0.00	2.99	Infinity	152.07	138.30	9.06	6.40	8.15	47.85	5.70	5.86	4.14	12.87	8.38	69.17	2.02	5.44	179.39	57.78	42.96	25.66	5.23	5.78	29.80	4.66	3.29	57.55	46.06	42.97	9.11
152	42.231212611160046	16.27	259.51	263.25	0.00	2.84	Infinity	137.03	136.04	0.72	8.02	7.92	2.33	5.65	5.53	2.95	14.21	7.80	89.36	0.93	5.16	483.57	69.51	47.15	32.17	5.14	6.35	65.45	4.40	3.42	43.25	44.06	41.04	9.30
