time	total error	% error	count	predicted	27001 reported	27001 predicted	27001% error	27003 reported	27003 predicted	27003% error	27005 reported	27005 predicted	27005% error	27007 reported	27007 predicted	27007% error	27009 reported	27009 predicted	27009% error	27011 reported	27011 predicted	27011% error	27013 reported	27013 predicted	27013% error	27015 reported	27015 predicted	27015% error	27017 reported	27017 predicted	27017% error	27019 reported	27019 predicted	27019% error
60	0.0	0.00	17.00	54.30	0.00	0.00	NaN	9.93	9.93	0.00	0.00	0.00	NaN	0.00	0.00	NaN	2.03	2.03	0.00	0.00	0.00	NaN	22.73	22.73	0.00	0.00	0.00	NaN	0.00	0.00	NaN	19.61	19.61	0.00
61	17.22725808006145	78.31	22.00	59.78	0.00	0.01	Infinity	13.90	9.31	65.61	0.00	0.00	Infinity	0.00	0.59	Infinity	2.03	1.86	16.64	1.00	0.11	89.04	28.41	24.92	69.72	0.00	0.75	Infinity	0.00	3.28	Infinity	22.41	18.94	43.34
62	22.12745188788371	100.58	22.00	63.37	0.00	0.08	Infinity	10.26	8.81	20.67	0.00	0.01	Infinity	0.00	1.04	Infinity	2.38	1.72	66.09	1.00	0.19	80.62	19.18	26.04	137.19	0.00	1.57	Infinity	0.00	5.71	Infinity	22.16	18.21	49.36
63	45.999478032789455	657.14	7.00	65.48	0.00	0.18	Infinity	0.00	8.39	Infinity	0.00	0.02	Infinity	0.00	1.40	Infinity	2.38	1.58	79.51	1.00	0.26	74.30	19.18	26.41	144.55	0.00	2.34	Infinity	0.00	7.48	Infinity	0.00	17.43	Infinity
64	27.796412907942024	115.82	24.00	66.41	0.00	0.31	Infinity	11.72	8.06	45.79	0.00	0.03	Infinity	0.00	1.72	Infinity	2.38	1.46	91.62	1.00	0.30	69.68	23.01	26.17	52.56	0.00	3.07	Infinity	0.00	8.70	Infinity	22.16	16.61	69.37
65	38.40876330987953	330.57	11.62	66.44	0.00	0.44	Infinity	2.37	7.73	331.10	0.00	0.03	Infinity	1.00	2.00	99.53	2.38	1.35	102.58	1.00	0.34	66.41	26.85	25.76	15.61	0.00	3.53	Infinity	0.00	9.50	Infinity	0.00	15.76	Infinity
66	27.290916752355542	182.63	14.94	66.60	0.00	0.53	Infinity	0.00	7.70	Infinity	0.00	0.04	Infinity	2.00	2.19	9.53	0.00	1.33	Infinity	1.00	0.36	64.01	26.85	25.37	21.10	0.00	3.76	Infinity	0.00	10.19	Infinity	13.69	15.12	28.81
67	25.734502926247576	125.38	20.53	66.84	0.00	0.61	Infinity	6.80	7.94	24.41	0.00	0.05	Infinity	2.00	2.32	15.89	0.00	1.37	Infinity	1.00	0.38	62.28	30.68	24.86	72.86	0.00	3.93	Infinity	0.00	10.76	Infinity	13.52	14.62	22.46
68	66.00992343979303	143.50	46.00	67.15	0.00	0.72	Infinity	32.23	8.43	108.20	0.00	0.07	Infinity	3.00	2.39	20.35	2.38	1.45	92.09	1.00	0.39	61.05	34.52	24.10	115.74	0.00	4.16	Infinity	0.00	11.22	Infinity	27.70	14.22	134.82
69	32.87408459566213	64.46	51.00	67.52	0.00	0.82	Infinity	23.00	9.08	60.52	0.00	0.08	Infinity	4.00	2.42	39.54	2.40	1.58	81.50	1.00	0.40	60.23	22.74	23.31	6.33	2.76	4.32	78.12	1.99	11.61	962.32	17.20	13.90	32.96
70	33.407808539619964	60.74	55.00	67.97	0.00	0.90	Infinity	26.00	9.86	62.09	0.00	0.10	Infinity	4.00	2.41	39.66	2.40	1.74	65.82	1.00	0.40	59.72	22.74	22.52	2.51	2.76	4.41	82.55	3.98	11.97	399.73	17.20	13.66	35.43
71	38.346361244042996	62.86	61.00	68.50	0.00	0.98	Infinity	30.00	10.75	64.16	0.00	0.13	Infinity	4.00	2.38	40.42	2.40	1.92	47.21	1.00	0.41	59.46	25.27	21.73	35.42	2.76	4.44	84.11	5.97	12.31	211.50	17.20	13.46	37.38
72	38.50087557278138	57.46	67.00	69.14	0.00	1.04	Infinity	34.00	11.74	65.47	0.00	0.15	Infinity	4.00	2.33	41.67	2.40	2.14	25.77	1.00	0.41	59.40	25.27	20.98	42.89	2.76	4.40	82.32	9.94	12.65	54.18	17.20	13.31	38.92
73	41.17221837408928	92.37	44.58	69.91	0.00	1.09	Infinity	23.50	12.86	45.30	0.00	0.18	Infinity	5.00	2.27	54.64	0.00	2.38	Infinity	0.00	0.41	Infinity	12.82	20.21	145.77	4.13	4.36	7.39	15.91	12.97	36.71	0.00	13.18	Infinity
74	36.65612344122903	75.43	48.60	70.82	0.00	1.14	Infinity	24.68	14.09	42.92	0.00	0.22	Infinity	6.00	2.19	63.45	0.00	2.66	Infinity	0.00	0.40	Infinity	17.47	19.46	28.73	4.13	4.29	5.04	15.91	13.29	32.76	0.00	13.08	Infinity
75	46.7556116860725	79.87	58.54	71.89	0.00	1.20	Infinity	29.23	15.47	47.08	0.00	0.26	Infinity	6.00	2.11	64.83	0.00	2.97	Infinity	0.00	0.40	Infinity	20.99	18.68	27.79	6.89	4.23	53.29	19.89	13.58	63.08	0.00	12.99	Infinity
76	39.10525019692167	56.64	69.04	73.15	0.00	1.27	Infinity	30.02	16.99	43.43	0.00	0.31	Infinity	6.00	2.02	66.28	0.00	3.31	Infinity	0.00	0.40	Infinity	18.10	17.92	1.35	7.00	4.15	40.65	13.00	13.86	6.65	0.00	12.92	Infinity
77	39.23753116498026	58.52	67.05	74.62	0.00	1.33	Infinity	31.03	18.64	39.91	0.00	0.36	Infinity	4.50	1.93	57.04	0.00	3.70	Infinity	0.00	0.39	Infinity	14.62	17.18	24.34	7.00	4.07	41.86	14.00	14.15	1.06	0.00	12.86	Infinity
78	38.9246184986461	53.88	72.24	76.33	0.00	1.39	Infinity	35.99	20.45	43.18	0.00	0.43	Infinity	2.17	1.84	14.81	0.00	4.13	Infinity	0.00	0.39	Infinity	16.79	16.47	2.63	7.00	3.97	43.25	15.00	14.44	3.75	0.00	12.81	Infinity
79	35.588586923747734	51.01	69.77	78.30	0.00	1.45	Infinity	32.19	22.42	30.33	0.00	0.51	Infinity	2.32	1.76	24.17	0.00	4.62	Infinity	0.00	0.38	Infinity	15.66	15.80	1.23	6.00	3.86	35.61	18.00	14.73	18.14	0.00	12.76	Infinity
80	33.03159416707819	49.32	66.97	80.56	0.00	1.50	Infinity	30.16	24.58	18.50	0.00	0.61	Infinity	1.20	1.67	38.78	0.00	5.15	Infinity	0.00	0.38	Infinity	14.75	15.15	3.77	6.00	3.75	37.52	19.00	15.04	20.85	0.00	12.73	Infinity
81	43.52641033750598	53.83	80.86	83.13	0.00	1.51	Infinity	39.77	26.89	32.39	2.66	0.72	97.20	0.09	1.58	1648.17	0.00	5.76	Infinity	0.00	0.38	Infinity	15.23	14.58	5.91	3.55	3.59	1.38	23.77	15.41	35.19	2.21	12.71	1444.74
82	37.706135603659334	46.20	81.62	86.04	0.00	1.57	Infinity	38.87	29.46	24.20	2.66	0.85	90.61	0.52	1.50	190.22	0.00	6.43	Infinity	0.00	0.37	Infinity	16.56	13.97	21.74	3.76	3.48	7.43	22.76	15.72	30.93	5.46	12.68	402.40
83	34.51914164397691	43.15	80.00	89.34	0.00	1.63	Infinity	39.80	32.28	19.58	4.35	1.01	167.32	1.29	1.43	26.91	0.00	7.18	Infinity	0.00	0.37	Infinity	15.20	13.39	16.77	3.76	3.37	10.47	22.64	16.03	29.21	7.16	12.67	303.74
84	26.816393689788768	32.85	81.64	93.05	0.00	1.70	Infinity	40.58	35.35	13.36	2.18	1.19	98.78	1.64	1.36	42.23	0.00	8.01	Infinity	0.00	0.36	Infinity	17.12	12.82	35.26	3.84	3.26	14.93	21.59	16.34	24.31	12.53	12.66	4.11
85	16.577196934504652	23.41	70.82	97.22	0.00	1.77	Infinity	38.70	38.70	0.02	2.18	1.40	77.27	0.00	1.29	Infinity	0.00	8.93	Infinity	0.00	0.36	Infinity	11.22	12.28	13.40	2.78	3.16	13.50	18.42	16.66	9.55	12.91	12.66	7.43
86	19.2277003045171	21.88	87.88	101.89	2.28	1.84	44.03	46.54	42.36	9.31	2.18	1.66	51.94	0.00	1.23	Infinity	7.49	9.97	83.26	0.00	0.35	Infinity	10.63	11.77	15.06	2.91	3.05	4.73	23.77	16.98	28.55	14.64	12.67	53.03
87	21.045532340436118	25.49	82.58	107.10	2.28	1.92	36.59	43.80	46.35	6.03	2.18	1.95	22.11	0.00	1.18	Infinity	7.52	11.12	120.53	0.00	0.35	Infinity	9.45	11.28	27.27	0.91	2.95	222.61	23.83	17.32	27.33	15.10	12.69	63.04
88	29.52470134108724	34.70	85.10	112.92	2.28	1.98	29.84	52.25	50.71	3.05	2.18	2.31	13.00	0.00	1.13	Infinity	7.65	12.40	156.50	0.07	0.34	784.57	2.48	10.83	472.49	0.00	2.84	Infinity	23.45	17.67	24.66	17.16	12.72	102.23
89	29.95266205339379	33.52	89.36	119.41	2.28	2.07	21.51	52.43	55.48	6.01	2.18	2.72	54.32	0.00	1.08	Infinity	7.77	13.83	197.03	0.16	0.34	227.80	6.55	10.38	82.10	0.00	2.74	Infinity	24.11	18.01	25.29	18.91	12.76	128.47
90	28.029155853014984	31.76	88.26	126.62	2.65	2.16	49.40	50.01	60.68	22.14	2.31	3.21	89.16	0.58	1.05	79.91	11.63	15.42	121.72	0.12	0.33	187.38	4.98	9.96	109.26	2.36	2.65	36.10	23.75	18.36	22.69	13.65	12.81	16.23
91	21.969407878218558	22.00	99.86	134.63	2.65	2.27	38.75	58.27	66.36	14.42	4.63	3.78	42.53	1.74	1.02	41.37	11.75	17.19	172.91	0.15	0.33	123.92	7.91	9.55	22.66	2.99	2.56	41.10	22.66	18.70	17.47	12.61	12.88	5.63
92	22.390356312600325	20.06	111.64	143.53	2.65	2.37	28.17	77.41	72.57	6.50	4.63	4.45	8.94	1.31	1.00	23.55	11.42	19.16	252.68	0.06	0.33	434.46	5.83	9.17	62.40	1.24	2.48	290.10	20.16	19.05	5.50	9.87	12.96	82.86
93	29.113164561707805	23.17	125.65	153.41	2.65	2.48	17.67	84.34	79.34	6.16	0.70	5.24	1510.47	1.75	0.98	43.83	11.76	21.35	304.66	0.15	0.32	114.98	9.07	8.81	3.09	3.05	2.40	61.73	24.76	19.42	21.54	10.45	13.06	65.94
94	30.103453393000073	22.57	133.36	164.35	2.65	2.59	6.65	91.03	86.73	4.91	0.59	6.17	2187.60	1.64	0.98	40.27	11.67	23.80	387.83	1.13	0.32	71.62	8.52	8.47	0.58	2.58	2.32	29.81	25.19	19.81	21.37	12.31	13.18	18.64
95	36.687854788999424	25.45	144.18	176.49	2.65	2.70	4.41	98.49	94.81	3.89	0.44	7.26	3581.98	1.48	0.98	33.64	11.55	26.53	483.89	1.10	0.32	71.06	9.92	8.15	19.45	1.93	2.24	46.56	27.48	20.20	26.47	13.84	13.31	10.15
96	40.25381718559282	26.74	150.53	189.95	2.65	2.83	17.88	101.30	103.62	2.38	2.63	8.54	518.50	1.69	0.99	41.32	11.71	29.55	568.31	1.14	0.31	72.40	11.13	7.85	32.09	2.81	2.17	66.30	28.75	20.59	28.39	13.07	13.48	8.26
97	52.89719064129429	31.34	168.81	202.57	5.46	2.96	249.89	110.24	111.99	1.59	1.60	9.53	715.49	1.54	1.02	34.08	9.33	32.12	446.12	1.11	0.32	71.25	12.50	7.90	36.81	1.33	2.10	101.04	28.93	20.60	28.78	11.12	14.03	44.76
98	51.29628392351684	28.10	182.58	214.74	0.91	3.10	1306.81	118.87	120.16	1.09	1.69	10.30	738.41	1.84	1.05	42.77	12.18	34.35	332.51	1.17	0.33	71.85	14.84	8.17	44.98	2.05	2.05	0.12	28.35	20.31	28.35	14.22	14.91	8.26
99	52.904043710169034	25.42	208.10	226.75	0.94	3.23	1334.64	131.62	128.32	2.51	1.69	10.91	786.31	1.86	1.09	41.22	21.35	36.36	128.43	1.17	0.34	70.76	18.96	8.60	54.62	2.11	2.04	5.79	30.85	19.80	35.82	16.05	16.05	0.08
100	46.71285079744756	20.43	228.69	238.84	1.02	3.32	1223.95	144.44	136.61	5.42	6.05	11.40	127.71	1.94	1.13	41.89	30.59	38.26	45.77	1.19	0.36	69.70	19.31	9.18	52.49	2.30	2.05	19.39	29.75	19.17	35.58	16.41	17.38	9.99
101	61.082822347500475	22.49	271.57	251.20	1.03	3.39	1256.53	168.88	145.14	14.05	13.27	11.79	16.11	1.94	1.16	40.18	45.21	40.08	20.75	1.19	0.38	68.02	21.52	9.86	54.19	2.31	2.08	17.34	28.96	18.42	36.39	23.25	18.90	31.92
102	42.808917411452285	16.49	259.64	264.01	0.00	3.44	Infinity	165.75	154.00	7.09	12.98	12.12	9.61	0.94	1.19	27.57	49.22	41.86	27.33	0.99	0.40	59.22	21.69	10.64	50.97	0.00	2.14	Infinity	22.52	17.62	21.79	20.16	20.60	3.77
103	69.3000855969707	34.29	202.09	277.39	0.00	3.50	Infinity	135.82	163.23	20.18	14.75	12.39	23.18	0.00	1.23	Infinity	51.93	43.60	29.28	0.61	0.43	29.63	13.80	11.50	16.68	0.00	2.23	Infinity	7.10	16.76	136.17	10.43	22.51	197.50
104	59.76372214673954	25.88	230.92	291.47	0.00	3.53	Infinity	138.69	172.92	24.69	12.17	12.62	3.69	0.00	1.27	Infinity	41.34	45.37	9.76	0.58	0.45	22.21	14.49	12.46	14.29	0.00	2.35	Infinity	20.80	15.90	78.85	17.77	24.60	38.44
105	59.06789054370305	22.17	266.43	306.36	0.00	3.57	Infinity	156.18	183.09	17.24	13.16	12.82	2.55	0.00	1.31	Infinity	52.31	47.15	9.86	0.58	0.48	16.17	14.90	13.50	9.59	0.00	2.50	Infinity	0.00	15.03	Infinity	29.67	26.91	9.31
106	46.205378214699564	14.65	315.41	322.15	0.00	3.60	Infinity	189.85	193.80	2.08	15.21	13.00	14.52	0.00	1.35	Infinity	57.42	48.98	14.70	0.00	0.52	Infinity	17.68	14.64	17.55	0.00	2.67	Infinity	0.00	14.18	Infinity	35.68	29.43	17.53
107	64.73094598539208	18.04	358.74	338.95	4.25	3.62	112.17	213.00	205.10	3.71	19.13	13.17	31.16	0.00	1.38	Infinity	68.25	50.86	25.48	0.00	0.55	Infinity	13.59	15.88	17.14	0.00	2.86	Infinity	0.00	13.36	Infinity	44.57	32.17	27.83
108	88.37342496601731	21.75	406.24	356.83	3.68	3.63	10.83	235.02	217.05	7.65	21.98	13.32	39.38	0.00	1.42	Infinity	78.95	52.81	33.11	0.00	0.59	Infinity	18.99	17.23	9.46	0.00	3.06	Infinity	0.00	12.58	Infinity	51.29	35.14	31.48
109	78.63990958850671	19.18	410.04	375.88	3.70	3.64	13.25	239.27	229.67	4.01	21.98	13.47	38.73	0.00	1.45	Infinity	80.94	54.83	32.26	0.00	0.63	Infinity	15.47	18.71	21.33	0.00	3.28	Infinity	0.00	11.84	Infinity	52.31	38.39	26.62
110	73.09739680606441	17.24	424.09	396.21	3.79	3.67	24.71	248.56	242.97	2.25	22.01	13.60	38.18	0.00	1.49	Infinity	76.02	56.88	25.18	0.00	0.67	Infinity	16.39	20.28	24.18	0.00	3.56	Infinity	0.00	11.13	Infinity	61.05	41.95	31.29
111	73.83714676294514	16.82	439.09	417.89	1.17	3.71	492.46	267.37	257.03	3.87	22.03	13.73	37.66	0.00	1.54	Infinity	75.74	59.01	22.09	0.00	0.71	Infinity	19.67	21.99	21.83	0.00	3.87	Infinity	0.00	10.48	Infinity	62.83	45.82	27.08
112	62.25026933899794	13.77	452.15	441.02	1.30	3.74	425.40	277.73	271.91	2.10	20.87	13.86	33.58	0.00	1.58	Infinity	70.07	61.23	12.62	0.00	0.76	Infinity	27.52	23.84	24.80	0.00	4.20	Infinity	0.00	9.88	Infinity	68.07	50.02	26.51
113	42.861748958822375	9.37	457.39	465.71	1.45	3.79	365.80	289.51	287.64	0.65	16.40	13.99	14.71	0.00	1.63	Infinity	67.57	63.52	5.99	0.00	0.81	Infinity	28.30	25.84	16.12	0.00	4.56	Infinity	0.00	9.32	Infinity	68.01	54.60	19.72
114	47.14506528938611	9.62	490.26	492.05	1.52	3.85	346.16	314.91	304.27	3.38	17.72	14.12	20.35	1.57	1.68	10.58	72.51	65.91	9.11	0.00	0.87	Infinity	27.69	28.01	2.17	0.00	4.96	Infinity	0.00	8.81	Infinity	68.48	59.58	13.00
115	47.99748890823581	9.39	511.10	520.15	3.78	3.90	6.77	333.25	321.89	3.41	15.75	14.24	9.56	1.58	1.72	13.87	73.56	68.41	7.00	0.00	0.92	Infinity	23.47	30.38	54.56	0.00	5.36	Infinity	0.00	8.34	Infinity	73.17	64.98	11.20
116	39.218607499275954	7.94	493.98	550.12	3.85	3.95	5.99	333.92	340.55	1.99	13.51	14.37	6.44	1.82	1.76	5.42	66.62	71.02	6.61	0.00	0.99	Infinity	31.01	32.96	11.66	0.00	5.78	Infinity	0.00	7.91	Infinity	60.31	70.84	17.45
117	71.77484166867836	14.42	497.91	582.10	6.21	4.05	78.41	347.09	360.21	3.78	12.90	14.50	12.40	2.22	1.82	27.12	61.88	73.67	19.05	0.72	1.05	68.67	37.87	35.68	10.74	0.00	6.32	Infinity	0.00	7.55	Infinity	50.93	77.25	51.68
118	63.245405756887216	12.50	506.02	602.93	4.09	4.18	3.05	356.38	373.38	4.85	22.34	14.42	81.09	1.59	1.93	21.52	82.06	74.75	12.00	0.73	1.13	76.41	30.05	37.32	29.00	0.00	6.92	Infinity	0.00	7.23	Infinity	90.40	81.66	16.07
119	79.71133974632973	17.03	468.02	614.96	2.32	4.31	126.68	335.19	381.45	14.01	12.01	14.19	41.38	1.71	2.09	22.27	72.15	74.59	4.56	0.78	1.22	78.22	36.10	38.15	6.80	0.00	7.52	Infinity	0.00	6.96	Infinity	75.00	84.49	21.05
120	78.10386261324423	16.36	477.51	620.11	2.49	4.43	115.33	350.89	385.54	10.03	9.19	13.83	115.43	2.04	2.26	10.59	66.16	73.50	14.94	0.93	1.33	57.58	34.51	38.40	13.49	0.00	8.03	Infinity	0.00	6.72	Infinity	75.78	86.07	22.58
121	34.272246251208045	6.60	519.46	619.88	2.58	4.53	111.66	377.36	386.52	2.47	10.96	13.39	50.72	3.23	2.45	24.03	70.27	71.70	2.75	1.02	1.44	56.65	40.33	38.24	6.20	0.00	8.44	Infinity	0.00	6.50	Infinity	85.59	86.66	2.07
122	39.00302529613077	7.40	527.31	615.51	5.49	4.58	24.39	388.95	385.13	1.00	7.70	12.89	154.32	5.13	2.65	48.31	70.65	69.41	2.35	0.97	1.57	83.49	38.65	37.81	2.61	0.00	8.71	Infinity	0.00	6.29	Infinity	77.52	86.46	19.16
123	68.74369927597634	12.16	565.46	607.96	5.53	4.60	24.74	421.23	381.93	9.47	8.43	12.35	106.30	5.21	2.85	45.23	68.32	66.78	3.04	1.01	1.70	94.15	42.08	37.17	13.97	0.00	8.86	Infinity	0.00	6.08	Infinity	85.48	85.65	0.33
124	85.93593815258492	14.96	574.28	598.03	5.48	4.62	23.30	425.49	377.26	11.51	11.08	11.79	14.70	5.11	3.07	39.94	64.42	63.87	1.16	0.96	1.85	125.65	41.64	36.35	15.20	0.00	8.95	Infinity	0.00	5.88	Infinity	96.93	84.39	21.50
125	75.74320127716554	13.86	546.30	586.33	5.31	4.63	14.48	400.40	371.47	7.22	5.76	11.21	238.36	2.74	3.31	20.56	70.15	60.78	24.10	1.02	2.01	144.35	35.84	35.40	1.22	0.00	9.00	Infinity	0.00	5.72	Infinity	68.18	82.81	24.05
126	40.31224943657716	7.92	508.91	573.37	5.33	4.63	14.87	369.86	364.87	1.35	3.60	10.62	492.90	2.67	3.55	32.96	59.08	57.62	4.48	1.05	2.18	161.10	33.78	34.37	1.74	1.91	8.98	1350.10	0.00	5.57	Infinity	70.09	80.97	17.41
127	50.661235360191675	9.89	512.12	559.53	4.14	4.61	12.67	367.67	357.70	2.71	0.00	10.04	Infinity	3.97	3.80	4.16	61.37	54.45	20.37	2.63	2.37	14.66	36.94	33.31	9.82	3.10	8.89	679.56	0.00	5.41	Infinity	70.94	78.94	12.64
128	60.2167167543097	11.27	534.08	545.14	4.25	4.56	8.24	368.23	350.13	4.92	0.70	9.47	3181.95	4.26	4.06	4.64	54.48	51.32	10.49	2.73	2.58	8.18	46.15	32.22	30.18	4.27	8.76	382.05	3.35	5.26	122.85	85.98	76.78	11.99
129	41.66283754900189	8.37	497.75	530.43	4.11	4.50	10.78	343.18	342.27	0.26	7.40	8.92	52.01	4.16	4.33	3.90	38.20	48.25	47.49	1.07	2.80	239.70	42.91	31.13	27.46	7.52	8.58	51.00	1.86	5.11	376.58	85.36	74.54	14.21
130	52.73614342589207	11.49	458.87	515.61	4.08	4.43	9.86	318.01	334.25	5.11	12.11	8.39	77.51	5.10	4.60	9.75	32.10	45.28	74.08	2.53	3.04	30.29	37.69	30.03	20.33	10.90	8.37	84.17	0.00	4.96	Infinity	75.34	72.25	4.59
131	68.84017359095446	15.54	442.91	500.83	4.07	4.36	8.14	306.38	326.11	6.44	11.94	7.88	85.79	5.08	4.89	3.72	21.43	42.42	176.82	4.00	3.30	25.99	33.98	28.94	14.85	10.82	8.16	89.53	0.00	4.82	Infinity	80.30	69.95	14.45
132	56.38709532564245	15.02	375.45	486.21	6.51	4.28	34.25	339.01	317.95	8.30	3.98	7.39	85.86	5.90	5.19	12.04	19.67	39.68	447.99	4.63	3.59	22.58	28.32	27.86	1.61	7.63	7.92	10.32	0.00	4.69	Infinity	65.17	67.65	3.81
133	49.321052871870044	14.23	346.49	471.82	6.54	4.20	35.80	311.24	309.80	0.62	4.20	6.93	64.78	6.85	5.51	19.62	8.03	37.07	1591.90	4.65	3.90	16.30	27.58	26.81	2.78	7.51	7.68	6.29	0.00	4.56	Infinity	59.20	65.38	10.43
134	28.51887999139986	8.21	347.57	457.76	4.50	4.11	8.58	302.73	301.71	0.45	8.32	6.49	22.01	4.99	5.83	16.79	19.87	34.60	326.17	4.75	4.23	10.90	28.79	25.78	10.44	5.71	7.43	82.98	0.00	4.43	Infinity	63.10	63.14	0.07
135	48.41853234468791	14.09	343.75	444.06	5.62	4.02	28.38	280.38	293.71	6.35	9.96	6.07	39.01	5.24	6.18	17.96	23.87	32.26	154.93	7.81	4.59	41.16	29.86	24.78	17.02	9.06	7.18	56.82	0.00	4.31	Infinity	66.74	60.95	8.68
136	39.257487934986166	11.49	341.73	430.77	5.73	3.93	31.45	279.90	285.84	2.83	5.33	5.69	6.64	7.46	6.53	12.44	41.70	30.07	122.82	7.86	4.99	36.57	30.82	23.81	22.74	6.75	6.93	7.18	0.00	4.19	Infinity	63.16	58.80	6.90
137	37.36557364902512	11.41	327.54	417.91	4.67	3.82	18.05	271.00	278.14	3.52	5.23	5.32	1.64	8.43	6.90	18.12	44.17	28.01	161.08	8.86	5.42	38.84	27.32	22.87	16.30	6.53	6.67	5.64	1.09	4.06	575.26	57.32	56.70	1.08
138	21.767993660425265	6.97	312.49	405.50	4.61	3.73	19.09	266.42	270.54	2.06	4.93	4.98	1.02	7.27	7.29	0.25	28.80	26.09	41.47	8.83	5.88	33.40	23.17	21.96	5.22	0.59	6.42	2693.30	1.92	3.95	221.81	56.65	54.67	3.49
139	56.59164953759663	20.23	279.77	393.56	5.58	3.63	34.97	241.81	263.11	12.11	6.85	4.66	31.92	8.31	7.70	9.96	12.02	24.29	336.65	7.76	6.39	17.70	28.24	21.08	38.75	1.62	6.18	2812.94	0.63	3.83	507.95	54.69	52.70	3.64
140	50.798632169058905	19.27	263.64	382.09	5.64	3.53	37.35	240.28	255.84	8.90	7.14	4.36	38.92	8.47	8.12	5.47	9.81	22.61	429.90	8.79	6.94	21.14	13.67	20.24	73.51	2.78	5.94	1135.33	1.24	3.72	201.12	47.64	50.79	6.62
141	8.96800396916648	3.20	280.34	371.14	4.75	3.44	27.45	247.10	248.16	0.59	4.76	4.19	12.03	8.84	8.36	7.36	21.23	21.05	2.91	8.87	7.28	18.00	20.83	20.33	3.67	5.23	5.86	119.29	3.68	3.62	1.57	51.45	48.86	5.04
142	51.27989927656367	17.22	297.71	360.64	4.91	3.35	31.75	259.78	240.25	10.34	6.57	4.10	37.57	7.87	8.44	9.69	26.69	19.60	87.61	6.95	7.45	7.25	25.23	21.07	25.22	0.00	5.92	Infinity	6.21	3.53	43.21	53.74	46.94	12.65
143	11.683956445931486	4.40	265.67	350.58	4.84	3.26	32.62	234.55	232.24	1.35	8.20	4.08	50.30	7.69	8.40	12.48	18.00	18.25	4.59	6.88	7.49	8.91	23.21	22.28	6.14	6.82	6.10	104.44	3.51	3.43	2.08	44.66	45.04	0.85
144	40.678508050161945	15.72	258.69	340.97	1.71	3.17	85.09	241.08	224.22	9.62	6.93	4.10	40.80	8.88	8.27	9.22	24.22	16.99	98.40	4.79	7.43	55.18	18.67	23.86	42.52	5.82	6.39	99.65	3.04	3.34	9.98	40.19	43.18	7.43
145	43.34271858964692	19.31	224.42	331.85	1.65	3.08	86.30	211.32	216.24	3.20	7.71	4.16	46.02	5.98	8.07	47.19	10.87	15.83	150.65	4.75	7.30	53.68	12.75	25.75	155.94	0.00	6.79	Infinity	2.64	3.26	23.47	37.94	41.38	9.07
146	66.34002169273022	31.07	213.50	323.27	4.13	2.99	68.51	183.43	208.37	17.07	5.67	4.25	25.17	8.21	7.82	8.81	3.82	14.76	458.29	10.46	7.10	70.79	9.44	27.90	195.74	6.56	7.27	46.70	2.69	3.17	18.02	35.16	39.64	12.88
147	65.9776033820873	32.04	205.93	315.25	1.91	2.90	129.48	173.83	200.64	19.37	4.15	4.35	4.87	8.59	7.53	22.82	5.47	13.76	242.10	6.14	6.86	25.87	15.12	30.31	100.52	2.92	7.83	730.66	4.55	3.09	32.12	31.64	37.98	20.21
148	30.18318643101392	13.05	231.37	307.86	2.31	2.81	53.83	190.65	193.12	1.63	4.74	4.47	5.71	5.33	7.22	65.73	11.04	12.83	25.92	6.46	6.58	4.15	18.11	32.99	82.15	12.63	8.45	144.19	5.56	3.00	46.03	34.86	36.37	4.38
149	47.72318924339346	19.75	241.64	301.12	2.58	2.73	13.70	201.03	185.78	9.52	4.14	4.60	11.11	3.82	6.89	148.61	15.37	11.97	35.38	4.49	6.29	88.35	20.49	35.92	75.27	4.61	9.17	430.55	4.25	2.92	31.27	37.14	34.85	6.21
150	25.16839904711814	10.10	249.13	295.09	2.41	2.64	23.05	185.85	178.68	4.85	5.89	4.74	19.49	5.45	6.56	37.73	15.26	11.18	42.82	4.34	5.98	83.50	36.63	39.13	6.82	12.89	9.95	99.45	2.81	2.84	1.00	37.71	33.40	11.53
151	45.75416108583054	17.34	263.93	289.79	0.00	2.55	Infinity	190.91	171.80	12.57	3.64	4.89	34.32	7.08	6.22	22.36	10.38	10.44	0.86	4.19	5.67	77.64	57.78	42.62	26.24	8.12	10.81	143.78	2.38	2.76	15.76	34.26	32.03	6.57
152	45.40404704265731	17.50	259.51	285.27	0.00	2.47	Infinity	172.03	165.15	5.02	4.57	5.05	10.58	7.02	5.89	29.54	11.46	9.76	23.80	1.92	5.36	392.63	69.51	46.41	33.23	8.00	11.76	204.81	2.25	2.68	19.18	32.77	30.75	6.23
