time	total error	% error	count	predicted	27001 reported	27001 predicted	27001% error	27003 reported	27003 predicted	27003% error	27005 reported	27005 predicted	27005% error	27007 reported	27007 predicted	27007% error	27009 reported	27009 predicted	27009% error	27011 reported	27011 predicted	27011% error	27013 reported	27013 predicted	27013% error	27015 reported	27015 predicted	27015% error	27017 reported	27017 predicted	27017% error	27019 reported	27019 predicted	27019% error
60	0.0	0.00	17.00	43.19	0.00	0.00	NaN	10.07	10.07	0.00	0.00	0.00	NaN	0.00	0.00	NaN	2.02	2.02	0.00	0.00	0.00	NaN	15.59	15.59	0.00	0.00	0.00	NaN	0.00	0.00	NaN	15.50	15.50	0.00
61	20.414333937836773	92.79	22.00	60.04	0.00	0.00	NaN	14.10	10.78	47.50	0.00	0.17	Infinity	0.00	0.01	Infinity	2.02	2.75	72.55	1.00	0.43	56.65	19.49	27.51	160.39	0.00	0.98	Infinity	0.00	3.15	Infinity	17.71	14.25	43.29
62	14.40318621115033	65.47	22.00	72.50	0.00	0.00	Infinity	14.30	11.22	43.99	0.00	0.30	Infinity	0.00	0.02	Infinity	2.31	3.28	97.25	1.47	0.77	69.89	35.89	36.49	11.98	0.00	1.74	Infinity	0.00	5.57	Infinity	11.68	13.10	17.74
63	42.61077342142008	608.73	7.00	81.39	0.00	0.00	Infinity	0.00	11.45	Infinity	0.00	0.40	Infinity	0.00	0.03	Infinity	2.31	3.66	135.16	1.47	1.02	44.75	35.89	43.07	143.54	0.00	2.31	Infinity	0.00	7.40	Infinity	0.00	12.05	Infinity
64	23.885770047931164	99.52	24.00	87.38	0.00	0.00	Infinity	16.34	11.52	60.24	0.00	0.48	Infinity	0.00	0.03	Infinity	2.31	3.92	160.49	1.47	1.20	26.34	43.07	47.69	76.98	0.00	2.72	Infinity	0.00	8.74	Infinity	11.68	11.08	7.60
65	34.8924747487378	300.31	11.62	91.04	0.00	0.00	Infinity	3.31	11.46	503.71	0.00	0.53	Infinity	1.00	0.04	96.34	2.31	4.07	175.69	1.47	1.33	13.41	50.25	50.73	6.78	0.00	3.02	Infinity	0.00	9.68	Infinity	0.00	10.18	Infinity
66	36.94890559734577	247.26	14.94	93.87	0.00	0.00	Infinity	0.00	11.79	Infinity	0.00	0.58	Infinity	2.00	0.04	97.97	0.00	4.19	Infinity	1.47	1.42	4.91	50.25	52.58	33.21	0.00	3.23	Infinity	0.00	10.44	Infinity	7.22	9.60	48.26
67	30.30613977355084	147.65	20.53	96.01	0.00	0.00	Infinity	9.49	12.40	62.75	0.00	0.64	Infinity	2.00	0.04	97.78	0.00	4.28	Infinity	1.47	1.47	0.02	57.43	53.48	49.34	0.00	3.36	Infinity	0.00	11.07	Infinity	7.13	9.26	43.66
68	68.94800257861364	149.89	46.00	97.61	0.00	0.01	Infinity	44.94	13.23	144.10	0.00	0.70	Infinity	3.00	0.05	98.40	2.31	4.36	204.71	1.47	1.49	2.10	64.61	53.65	121.81	0.00	3.45	Infinity	0.00	11.60	Infinity	14.60	9.09	55.16
69	29.386253701135104	57.62	51.00	98.83	0.00	0.01	Infinity	23.00	14.28	37.92	0.00	0.76	Infinity	4.00	0.05	98.71	2.30	4.42	211.90	1.88	1.49	39.21	52.59	53.23	7.15	2.00	3.48	74.15	1.74	12.05	1031.20	10.04	9.05	9.93
70	29.480158586062213	53.60	55.00	99.77	0.00	0.02	Infinity	26.00	15.51	40.35	0.00	0.83	Infinity	4.00	0.06	98.61	2.30	4.47	216.91	1.88	1.47	41.14	52.59	52.36	2.49	2.00	3.49	74.35	3.48	12.46	448.61	10.04	9.11	9.33
71	37.743995944122204	61.88	61.00	100.53	0.00	0.03	Infinity	30.00	16.91	43.63	0.00	0.91	Infinity	4.00	0.06	98.51	2.30	4.51	221.07	1.88	1.43	44.42	58.43	51.15	72.75	2.00	3.46	73.22	5.22	12.82	253.09	10.04	9.25	7.96
72	38.417090014270364	57.34	67.00	101.20	0.00	0.03	Infinity	34.00	18.47	45.67	0.00	0.99	Infinity	4.00	0.06	98.40	2.30	4.55	224.58	1.88	1.39	48.72	58.43	49.69	87.37	2.00	3.42	71.06	8.71	13.15	88.86	10.04	9.44	5.99
73	44.19758288636969	99.15	44.58	101.85	0.00	0.04	Infinity	23.50	20.19	14.08	0.00	1.08	Infinity	5.00	0.07	98.63	0.00	4.58	Infinity	0.00	1.34	Infinity	29.64	48.05	362.83	3.00	3.36	12.07	13.93	13.46	5.86	0.00	9.68	Infinity
74	31.934825125473303	65.71	48.60	102.55	0.00	0.05	Infinity	24.68	22.08	10.55	0.00	1.17	Infinity	6.00	0.07	98.78	0.00	4.60	Infinity	0.00	1.28	Infinity	40.41	46.28	84.86	3.00	3.29	9.70	13.93	13.76	2.13	0.00	9.96	Infinity
75	37.745219908523495	64.48	58.54	103.37	0.00	0.06	Infinity	29.23	24.14	17.41	0.00	1.28	Infinity	6.00	0.08	98.70	0.00	4.63	Infinity	0.00	1.23	Infinity	48.54	44.43	49.55	5.00	3.21	35.77	17.41	14.05	33.65	0.00	10.27	Infinity
76	37.20752042142231	53.89	69.04	104.36	0.00	0.08	Infinity	34.28	26.40	26.25	0.00	1.39	Infinity	6.00	0.08	98.61	0.00	4.65	Infinity	0.00	1.16	Infinity	42.21	42.53	2.44	7.00	3.13	55.35	13.00	14.33	10.24	0.00	10.61	Infinity
77	40.39465901393297	60.25	67.05	105.57	0.00	0.09	Infinity	35.43	28.87	21.12	0.00	1.51	Infinity	4.50	0.09	98.02	0.00	4.67	Infinity	0.00	1.10	Infinity	34.11	40.62	61.91	7.00	3.04	56.63	14.00	14.61	4.36	0.00	10.97	Infinity
78	35.04794274812188	48.52	72.24	107.05	0.00	0.11	Infinity	41.10	31.57	26.47	0.00	1.65	Infinity	2.17	0.10	95.61	0.00	4.68	Infinity	0.00	1.04	Infinity	39.17	38.72	3.74	7.00	2.94	57.94	15.00	14.89	0.75	0.00	11.35	Infinity
79	30.104813266374954	43.15	69.77	108.83	0.00	0.12	Infinity	36.76	34.52	6.95	0.00	1.79	Infinity	2.32	0.10	95.62	0.00	4.70	Infinity	0.00	0.98	Infinity	36.53	36.84	2.80	6.00	2.85	52.49	18.00	15.16	15.75	0.00	11.75	Infinity
80	31.689906697259936	47.32	66.97	110.94	0.00	0.14	Infinity	34.44	37.72	10.89	0.00	1.95	Infinity	1.20	0.11	91.00	0.00	4.72	Infinity	0.00	0.92	Infinity	34.40	35.01	5.69	6.00	2.76	54.05	19.00	15.44	18.72	0.00	12.17	Infinity
81	31.81416645344978	39.34	80.86	113.43	0.00	0.16	Infinity	45.42	41.21	10.58	2.15	2.12	1.35	0.09	0.12	27.52	0.00	4.73	Infinity	0.00	0.86	Infinity	35.52	33.22	21.02	3.55	2.66	24.87	23.77	15.72	33.86	2.05	12.61	1453.40
82	29.9872221792032	36.74	81.62	116.29	0.00	0.19	Infinity	44.38	44.98	1.54	2.15	2.31	8.03	0.52	0.12	76.25	0.00	4.75	Infinity	0.00	0.81	Infinity	38.64	31.49	60.04	3.76	2.57	31.62	22.76	16.01	29.66	5.07	13.07	445.25
83	38.309772577077176	47.89	80.00	119.61	0.00	0.21	Infinity	62.38	49.10	34.55	3.21	2.51	34.74	0.53	0.13	75.05	0.00	4.76	Infinity	0.00	0.76	Infinity	33.73	29.82	36.20	3.76	2.48	34.11	22.64	16.29	28.04	6.88	13.54	367.13
84	35.602971195850756	43.61	81.64	123.41	0.00	0.24	Infinity	63.60	53.59	25.55	1.60	2.74	113.20	0.67	0.14	79.14	0.00	4.78	Infinity	0.00	0.70	Infinity	37.98	28.21	80.21	3.84	2.39	37.68	21.59	16.59	23.17	12.04	14.03	62.65
85	15.348616699396201	21.67	70.82	127.73	0.00	0.27	Infinity	60.65	58.48	5.79	1.60	2.98	137.39	0.00	0.15	Infinity	0.00	4.79	Infinity	0.00	0.66	Infinity	24.89	26.68	22.44	2.78	2.30	17.20	18.42	16.88	8.33	12.40	14.53	65.36
86	22.77931770260161	25.92	87.88	132.61	1.00	0.31	69.31	72.95	63.81	20.32	1.60	3.24	163.70	0.00	0.16	Infinity	5.46	4.81	22.00	0.00	0.61	Infinity	23.59	25.21	21.33	2.91	2.22	23.85	23.77	17.18	27.71	14.06	15.06	26.94
87	16.44461541525795	19.91	82.58	138.09	1.00	0.35	65.42	68.65	69.62	2.29	1.60	3.53	192.34	0.00	0.17	Infinity	5.48	4.82	22.15	0.00	0.57	Infinity	20.97	23.81	42.18	0.91	2.14	133.83	23.83	17.49	26.61	14.51	15.61	28.75
88	35.152425179659076	41.31	85.10	144.22	1.00	0.39	61.11	81.89	75.95	11.77	1.60	3.84	223.49	0.00	0.18	Infinity	5.58	4.84	24.45	0.07	0.53	1311.16	5.51	22.47	960.65	0.00	2.06	Infinity	23.45	17.80	24.12	16.48	16.17	7.18
89	21.161085343094918	23.68	89.36	151.03	1.00	0.44	56.38	82.18	82.83	1.29	1.60	4.18	257.39	0.00	0.19	Infinity	5.66	4.85	26.27	0.16	0.49	413.58	14.54	21.20	142.89	0.00	1.98	Infinity	24.11	18.11	24.87	18.16	16.76	29.37
90	35.439399075095075	40.15	88.26	158.58	1.00	0.49	51.15	76.24	90.32	29.24	1.95	4.55	259.94	0.58	0.21	64.69	4.89	4.87	0.71	0.12	0.45	290.62	10.01	20.00	219.08	1.53	1.90	46.31	23.75	18.43	22.37	19.19	17.36	35.44
91	20.223877013377233	20.25	99.86	166.94	1.00	0.55	45.35	88.82	98.49	17.22	3.90	4.95	52.64	1.74	0.22	87.40	4.94	4.88	1.80	0.15	0.42	185.32	15.91	18.86	40.64	1.94	1.83	10.20	22.66	18.76	17.20	17.73	17.99	5.37
92	26.815195559100584	24.02	111.64	176.17	1.00	0.61	38.92	118.00	107.39	14.23	3.90	5.39	74.48	1.31	0.23	82.10	4.80	4.90	3.06	0.06	0.39	537.78	11.74	17.78	112.98	0.80	1.76	224.03	20.16	19.09	5.32	13.88	18.64	127.53
93	30.54579724094331	24.31	125.65	186.33	1.00	0.68	31.83	128.57	117.08	14.15	0.59	5.86	1754.06	1.75	0.25	85.77	4.94	4.91	1.00	0.15	0.36	140.00	18.24	16.75	17.95	1.97	1.69	26.53	24.76	19.43	21.53	14.70	19.31	116.65
94	28.95966187438431	21.72	133.36	197.49	1.00	0.76	24.01	138.77	127.63	12.71	0.50	6.38	2306.95	1.64	0.27	83.75	4.91	4.93	0.61	1.13	0.33	70.39	17.14	15.78	17.33	1.67	1.63	4.91	25.19	19.77	21.50	17.31	20.01	57.97
95	33.85226650226098	23.48	144.18	209.72	1.00	0.85	15.41	150.14	139.11	11.63	0.37	6.94	3451.44	1.48	0.28	80.76	4.86	4.94	2.74	1.10	0.31	71.82	19.97	14.87	56.07	1.25	1.57	47.61	27.48	20.12	26.76	19.47	20.73	24.17
96	30.548080649887176	20.29	150.53	223.12	1.00	0.94	5.94	154.42	151.61	2.88	2.22	7.55	468.41	1.69	0.30	82.12	4.93	4.96	1.00	1.14	0.29	74.95	22.39	14.01	82.20	1.82	1.51	32.58	28.75	20.48	28.77	18.38	21.48	62.72
97	37.70896994043946	22.34	168.81	235.56	2.43	1.03	140.12	150.28	162.67	11.24	1.37	8.07	604.74	1.54	0.33	78.86	5.11	5.23	2.37	1.11	0.28	74.91	12.50	13.58	8.70	0.82	1.44	81.36	28.93	20.51	29.11	17.51	22.43	75.45
98	32.486257436329524	17.79	182.58	247.39	0.41	1.11	420.06	162.04	172.74	9.00	1.44	8.52	606.65	1.84	0.35	80.79	6.67	5.70	14.50	1.17	0.28	75.78	14.84	13.48	9.18	1.27	1.37	8.92	28.35	20.28	28.45	22.40	23.55	13.68
99	35.46916966172597	17.04	208.10	258.89	0.42	1.19	446.83	179.42	182.16	2.08	1.45	8.92	637.69	1.86	0.38	79.42	11.69	6.34	45.74	1.17	0.30	74.74	18.96	13.62	28.14	1.30	1.30	0.23	30.85	19.86	35.61	25.27	24.81	4.96
100	38.98955807967806	17.05	228.69	270.29	0.46	1.26	431.19	196.90	191.20	3.95	5.17	9.28	98.35	1.94	0.42	78.50	16.75	7.14	57.40	1.19	0.32	73.36	19.31	13.95	27.76	1.42	1.23	14.51	29.75	19.30	35.14	25.86	26.20	3.60
101	78.41213367065686	28.87	271.57	281.78	0.46	1.34	469.83	230.22	200.01	17.88	11.34	9.62	18.62	1.94	0.45	76.64	24.75	8.08	67.35	1.19	0.34	71.19	21.52	14.42	32.98	1.43	1.16	20.15	28.96	18.62	35.71	36.63	27.72	65.31
102	53.39919607023978	20.57	259.64	293.50	0.00	1.42	Infinity	225.95	208.76	10.37	11.09	9.95	12.67	0.94	0.49	47.25	26.95	9.19	65.91	0.99	0.37	62.16	21.69	15.01	30.82	0.00	1.09	Infinity	22.52	17.86	20.69	31.75	29.36	20.25
103	82.47905151017787	40.81	202.09	305.59	0.00	1.50	Infinity	185.15	217.53	23.84	12.60	10.26	22.91	0.00	0.54	Infinity	28.43	10.46	63.20	0.61	0.41	32.61	13.80	15.69	13.64	0.00	1.03	Infinity	7.10	17.06	140.38	16.43	31.12	240.06
104	107.28617906454609	46.46	230.92	318.17	0.00	1.58	Infinity	170.20	226.43	40.56	12.17	10.57	13.14	0.00	0.58	Infinity	41.34	11.93	71.14	0.62	0.45	29.13	17.35	16.45	6.37	0.00	0.96	Infinity	15.60	16.22	10.01	17.77	33.00	85.66
105	109.40157671659861	41.06	266.43	331.34	0.00	1.66	Infinity	191.66	235.50	28.08	13.16	10.88	17.33	0.00	0.64	Infinity	52.31	13.61	73.98	0.61	0.50	20.29	17.85	17.28	3.85	0.00	0.90	Infinity	0.00	15.37	Infinity	29.67	35.00	17.95
106	80.52787112528162	25.53	315.41	345.19	0.00	1.75	Infinity	232.99	244.80	6.23	15.21	11.18	26.48	0.00	0.69	Infinity	57.42	15.53	72.95	0.00	0.55	Infinity	21.17	18.19	17.24	0.00	0.84	Infinity	0.00	14.52	Infinity	35.68	37.13	4.07
107	90.25176577277871	25.16	358.74	359.82	3.05	1.84	213.68	261.40	254.38	3.30	19.13	11.49	39.92	0.00	0.75	Infinity	68.25	17.73	74.03	0.00	0.60	Infinity	16.28	19.16	21.58	0.00	0.78	Infinity	0.00	13.68	Infinity	44.57	39.40	11.60
108	120.86717320303622	29.75	406.24	375.31	2.64	1.94	143.66	288.42	264.26	10.29	21.98	11.80	46.29	0.00	0.82	Infinity	78.95	20.24	74.37	0.00	0.67	Infinity	22.75	20.19	13.76	0.00	0.73	Infinity	0.00	12.86	Infinity	51.29	41.81	18.48
109	112.54491063478542	27.45	410.04	391.74	2.65	2.03	125.70	293.63	274.46	8.01	21.98	12.12	44.86	0.00	0.89	Infinity	80.94	23.10	71.46	0.00	0.74	Infinity	18.53	21.28	18.14	0.00	0.68	Infinity	0.00	12.06	Infinity	52.31	44.37	15.18
110	110.28295257184129	26.00	424.09	409.21	2.72	2.14	115.46	305.03	285.02	8.06	22.01	12.44	43.45	0.00	0.97	Infinity	76.02	26.36	65.32	0.00	0.82	Infinity	19.64	22.44	17.46	0.00	0.63	Infinity	0.00	11.30	Infinity	61.05	47.09	22.86
111	97.26083242501505	22.15	439.09	427.81	1.00	2.24	241.04	285.24	295.97	4.01	22.03	12.77	42.02	0.00	1.05	Infinity	75.74	30.09	60.27	0.00	0.90	Infinity	19.24	23.67	41.78	0.00	0.59	Infinity	0.00	10.56	Infinity	62.83	49.98	20.46
112	85.27057961316945	18.86	452.15	447.67	1.11	2.35	215.99	296.29	307.33	3.97	20.87	13.11	37.19	0.00	1.14	Infinity	70.07	34.34	50.99	0.00	1.00	Infinity	26.92	24.97	13.15	0.00	0.54	Infinity	0.00	9.85	Infinity	68.07	53.04	22.08
113	67.89620746892297	14.84	457.39	468.88	1.24	2.47	192.04	308.86	319.11	3.54	16.40	13.46	17.97	0.00	1.24	Infinity	67.57	39.20	41.99	0.00	1.10	Infinity	27.68	26.33	8.83	0.00	0.50	Infinity	0.00	9.18	Infinity	68.01	56.29	17.23
114	57.480400405162634	11.72	490.26	491.57	1.30	2.59	191.80	335.96	331.34	1.47	17.72	13.81	22.08	1.13	1.34	20.78	72.51	44.73	38.31	0.00	1.22	Infinity	27.08	27.78	4.67	0.00	0.47	Infinity	0.00	8.55	Infinity	68.48	59.74	12.76
115	62.24505061078646	12.18	511.10	515.88	3.24	2.72	31.29	355.52	344.05	3.44	15.75	14.17	10.02	1.13	1.46	31.23	73.56	51.05	30.60	0.00	1.34	Infinity	22.96	29.30	50.08	0.00	0.43	Infinity	0.00	7.95	Infinity	73.17	63.40	13.35
116	27.93508998091415	5.66	493.98	541.93	3.30	2.85	26.10	356.24	357.24	0.30	13.51	14.54	7.69	1.31	1.58	22.44	66.62	58.25	12.56	0.00	1.48	Infinity	30.33	30.90	3.42	0.00	0.40	Infinity	0.00	7.39	Infinity	60.31	67.29	11.57
117	42.53143238973068	8.54	497.91	569.90	5.32	2.99	84.84	370.29	370.93	0.18	12.90	14.92	15.70	1.60	1.72	8.19	61.88	66.47	7.42	0.97	1.64	137.78	37.04	32.59	21.78	0.00	0.37	Infinity	0.00	6.86	Infinity	50.93	71.41	40.22
118	67.64625858232814	13.37	506.02	588.30	3.28	3.10	6.60	357.46	379.59	6.31	24.06	15.05	92.19	1.59	1.86	16.89	87.62	72.09	25.48	1.73	1.79	9.70	27.80	33.82	24.01	0.00	0.36	Infinity	0.00	6.36	Infinity	82.00	74.28	14.21
119	68.9651369457501	14.74	468.02	599.14	1.86	3.19	84.49	336.21	384.33	14.58	12.93	14.98	38.89	1.71	2.01	17.99	77.03	75.60	2.66	1.86	1.93	11.91	33.40	34.70	4.30	0.00	0.36	Infinity	0.00	5.89	Infinity	68.03	76.16	18.01
120	64.95664749819686	13.60	477.51	604.07	2.00	3.26	75.01	351.96	386.00	9.85	9.90	14.75	120.60	2.04	2.18	6.43	70.64	77.44	13.84	2.23	2.07	23.78	31.94	35.29	11.65	0.00	0.37	Infinity	0.00	5.46	Infinity	68.74	77.27	18.70
121	21.852403798452464	4.21	519.46	604.38	2.07	3.31	71.42	378.50	385.28	1.82	11.80	14.40	54.08	3.23	2.35	27.18	75.02	77.94	5.58	2.43	2.21	29.96	37.32	35.67	4.89	0.00	0.39	Infinity	0.00	5.05	Infinity	77.64	77.77	0.25
122	31.398794548151532	5.95	527.31	601.11	4.40	3.36	28.07	390.13	382.72	1.93	8.29	13.96	168.35	5.13	2.54	50.44	75.43	77.39	3.73	2.32	2.35	4.89	35.76	35.89	0.37	0.00	0.42	Infinity	0.00	4.67	Infinity	70.32	77.81	16.05
123	62.60524587374131	11.07	565.46	595.09	4.43	3.40	27.63	422.50	378.74	10.55	9.08	13.46	118.60	5.21	2.74	47.28	72.94	76.02	6.06	2.40	2.51	13.82	38.94	35.97	8.45	0.00	0.45	Infinity	0.00	4.32	Infinity	77.54	77.48	0.11
124	80.91734610191888	14.09	574.28	586.99	4.40	3.44	25.94	426.78	373.69	12.67	11.93	12.91	20.30	5.11	2.96	42.05	68.78	74.03	10.97	2.30	2.66	51.74	38.53	35.95	7.43	0.00	0.49	Infinity	0.00	3.99	Infinity	87.93	76.87	18.96
125	71.92939380486163	13.17	546.30	577.34	5.04	3.46	33.56	400.40	367.82	8.14	6.71	12.33	246.19	2.74	3.19	16.42	85.50	71.58	35.81	1.35	2.83	215.55	35.84	35.85	0.04	0.00	0.53	Infinity	0.00	3.69	Infinity	63.98	76.05	19.86
126	37.89029682668321	7.45	508.91	566.59	5.06	3.49	33.32	369.86	361.36	2.30	4.19	11.74	530.04	2.67	3.44	28.83	72.01	68.80	9.80	1.39	3.00	228.98	33.78	35.70	5.66	0.52	0.57	8.82	0.00	3.41	Infinity	65.77	75.07	14.89
127	46.549957841469414	9.09	512.12	555.07	3.93	3.51	11.41	367.67	354.48	3.59	0.00	11.15	Infinity	3.97	3.71	6.50	74.81	65.80	26.49	3.49	3.19	17.08	36.94	35.50	3.90	0.85	0.62	27.69	0.00	3.15	Infinity	66.57	73.97	11.70
128	54.98881322267793	10.30	534.08	543.04	4.03	3.53	13.33	368.23	347.30	5.68	0.81	10.55	3531.15	4.26	4.00	6.11	66.41	62.66	12.43	3.62	3.38	12.79	46.15	35.26	23.59	1.17	0.67	43.35	2.62	2.90	18.56	80.67	72.78	10.29
129	39.18138394091953	7.87	497.75	530.71	3.90	3.55	9.57	343.18	339.93	0.95	8.62	9.97	46.09	4.16	4.31	3.40	46.56	59.44	60.85	1.42	3.59	300.46	42.91	35.00	18.43	2.07	0.72	65.41	1.45	2.68	142.23	80.09	71.53	11.25
130	45.58070842812315	9.93	458.87	518.27	3.87	3.57	8.30	318.01	332.45	4.54	14.10	9.40	98.09	5.10	4.64	9.12	39.13	56.21	96.04	3.35	3.81	26.79	37.69	34.72	7.88	3.00	0.77	74.37	0.00	2.47	Infinity	70.69	70.23	0.69
131	63.446232345272115	14.32	442.91	505.82	3.86	3.59	7.59	306.38	324.92	6.05	13.90	8.84	106.99	5.08	4.99	1.82	26.12	53.01	226.55	5.31	4.04	47.23	33.98	34.43	1.31	2.98	0.82	72.36	0.00	2.28	Infinity	75.35	68.91	8.99
132	70.15465422668501	18.69	375.45	493.49	6.51	3.60	44.66	340.39	317.40	9.07	3.98	8.31	108.91	5.94	5.37	9.75	15.65	49.86	766.10	4.63	4.28	7.63	33.50	34.12	2.18	2.78	0.88	68.38	0.00	2.10	Infinity	67.42	67.57	0.23
133	60.66415937884968	17.51	346.49	481.35	6.54	3.62	44.65	312.51	309.91	1.12	4.20	7.79	85.41	6.90	5.77	16.39	6.39	46.80	2215.71	4.65	4.54	2.48	32.62	33.81	4.30	2.73	0.94	65.72	0.00	1.94	Infinity	61.25	66.23	8.41
134	36.44716432743481	10.49	347.57	469.47	4.50	3.63	19.18	303.96	302.50	0.65	8.32	7.30	12.20	5.03	6.21	23.64	15.81	43.85	621.12	4.75	4.81	1.38	34.06	33.49	1.95	2.08	1.00	52.02	0.00	1.78	Infinity	65.28	64.88	0.62
135	56.3938482302868	16.41	343.75	457.88	5.62	3.65	35.04	281.53	295.18	6.50	9.96	6.84	31.35	5.27	6.68	26.85	18.99	41.01	406.23	7.81	5.11	34.62	35.33	33.17	7.21	3.30	1.06	67.89	0.00	1.64	Infinity	69.04	63.55	8.23
136	27.502245452340564	8.05	341.73	446.62	5.73	3.66	36.06	281.05	287.96	3.30	5.33	6.40	19.94	7.51	7.18	4.46	33.18	38.29	53.97	7.86	5.41	31.16	36.46	32.85	11.69	2.46	1.12	54.31	0.00	1.51	Infinity	65.33	62.22	4.92
137	18.394085398197024	5.62	327.54	435.73	4.67	3.68	21.18	272.11	280.88	4.32	5.23	5.98	14.16	8.49	7.72	9.14	35.14	35.70	5.58	8.86	5.74	35.17	32.32	32.53	0.77	2.38	1.19	50.03	0.97	1.39	82.73	59.29	60.92	2.83
138	29.323074110277517	9.38	312.49	425.20	4.61	3.69	19.89	267.51	273.92	3.22	4.93	5.58	13.21	7.32	8.29	13.33	22.91	33.25	158.09	8.83	6.09	31.06	27.41	32.21	20.72	0.22	1.26	480.73	1.71	1.28	46.41	58.60	59.63	1.82
139	64.30911562346903	22.99	279.77	415.07	5.58	3.71	33.61	244.44	267.10	12.88	6.85	5.21	23.94	10.11	8.91	19.44	8.71	30.93	609.78	7.76	6.46	16.81	41.31	31.90	51.00	0.50	1.33	509.09	0.63	1.18	87.70	60.98	58.36	4.80
140	62.28536190327109	23.62	263.64	405.33	5.64	3.72	34.05	242.90	260.42	10.03	7.14	4.86	32.03	10.30	9.57	11.55	7.11	28.75	726.93	8.79	6.85	22.15	20.00	31.58	129.62	0.86	1.40	192.84	1.24	1.09	11.87	53.12	57.11	8.37
141	23.494898875147207	8.38	280.34	393.80	4.75	3.68	22.36	249.79	252.46	1.49	4.76	4.55	4.44	10.75	9.98	11.85	15.39	26.69	175.48	8.87	7.07	20.34	30.47	31.42	6.94	1.62	1.47	29.43	3.68	1.01	72.63	57.38	55.48	3.68
142	47.49542821378601	15.95	297.71	381.01	4.91	3.61	26.47	262.61	243.61	10.06	6.57	4.28	34.84	9.58	10.17	10.15	19.34	24.76	66.97	6.95	7.16	3.02	36.90	31.37	33.57	0.00	1.53	Infinity	6.21	0.94	84.95	59.92	53.58	11.79
143	26.85383895734104	10.11	265.67	367.36	4.84	3.51	27.42	237.10	234.13	1.74	8.20	4.04	50.73	9.35	10.20	14.84	13.05	22.95	181.59	6.88	7.14	3.75	33.96	31.41	16.78	2.11	1.60	74.66	3.51	0.87	75.14	49.80	51.50	3.79
144	41.87770717889264	16.19	258.69	353.19	1.71	3.39	98.18	243.70	224.28	11.08	6.93	3.83	44.72	10.80	10.10	10.62	17.56	21.27	50.49	4.79	7.04	46.91	27.32	31.52	34.45	1.80	1.67	22.73	3.04	0.82	73.16	44.82	49.28	11.10
145	44.178250329287344	19.69	224.42	338.77	1.65	3.26	97.09	213.62	214.23	0.40	7.71	3.64	52.80	7.27	9.90	59.23	7.88	19.69	358.35	4.75	6.87	44.80	18.65	31.69	156.39	0.00	1.73	Infinity	2.64	0.77	70.97	42.31	46.99	12.35
146	85.0632823434771	39.84	213.50	324.32	4.50	3.11	83.49	172.52	204.14	21.64	5.67	3.46	38.94	10.46	9.62	18.95	3.54	18.22	614.95	9.73	6.66	64.49	9.44	31.90	238.07	1.51	1.80	19.68	2.69	0.72	73.20	38.14	44.67	18.75
147	76.63524230357831	37.21	205.93	310.00	2.08	2.96	114.85	163.49	194.13	22.13	4.15	3.31	20.31	10.95	9.29	35.73	5.07	16.85	344.05	5.71	6.42	25.60	15.12	32.14	112.59	0.67	1.87	178.95	4.55	0.68	85.07	34.32	42.36	25.62
148	36.857012481544054	15.93	231.37	295.93	2.52	2.81	31.23	179.31	184.27	3.26	4.74	3.16	33.34	6.78	8.92	73.91	10.23	15.57	77.35	6.01	6.15	4.80	18.11	32.41	78.91	2.90	1.94	33.01	5.56	0.64	88.45	37.82	40.07	6.52
149	40.451501339903864	16.74	241.64	282.23	2.82	2.65	15.43	189.08	174.64	9.01	4.14	3.03	26.95	4.87	8.52	176.45	14.25	14.39	1.45	4.17	5.86	82.94	20.49	32.69	59.53	1.06	2.01	90.34	4.25	0.61	85.69	40.29	37.83	6.69
150	28.180133881086576	11.31	249.13	268.97	2.63	2.50	13.15	174.80	165.29	6.42	5.89	2.90	50.77	6.94	8.10	39.41	14.15	13.29	8.98	4.03	5.57	78.02	36.63	33.00	9.92	2.96	2.09	29.43	2.81	0.58	79.46	40.91	35.65	14.08
151	62.09868257138463	23.53	263.93	256.19	0.00	2.35	Infinity	179.56	156.27	15.32	3.64	2.78	23.58	9.02	7.68	35.01	9.62	12.27	40.76	3.90	5.27	72.24	57.78	33.31	42.35	1.86	2.16	15.95	2.38	0.55	76.97	37.17	33.54	10.68
152	65.925089030402	25.40	259.51	243.94	0.00	2.21	Infinity	161.80	147.58	10.38	4.57	2.67	41.44	8.94	7.26	44.25	10.63	11.32	9.75	1.79	4.98	364.66	69.51	33.64	51.61	1.84	2.24	21.95	2.25	0.52	76.80	35.55	31.52	12.42
