time	total error	% error	count	predicted	reported*lambda	long time	total error	% error	count R	predicted R	 reported R*lambda	trips
03/22/2020	0.0	0.0	166.0	405.6756119049179	405.6756119049179	1584856800000	2.013627137782825	201.3627137782825	1.0	0.0	2.013627137782825	2143175.4666666654
03/23/2020	294.654589590182	127.00628861645777	232.0	662.1415328699363	546.2363088743481	1584943200000	55.94003170577686	5594.003170577686	1.0	57.95365884355969	2.013627137782825	2048541.7447619182
03/24/2020	359.05146666129656	138.09671794665252	260.0	834.2832987637684	540.3787454399528	1585029600000	150.68766884802915	15068.766884802915	1.0	152.54530639640777	1.8576375483785947	1939991.2990476342
03/25/2020	496.51884212550647	248.632369617179	199.70000000000002	942.623685115604	478.5576166219203	1585116000000	332.1369365271311	272.24339059600914	121.99999999999999	271.72863479123174	246.59423432580556	2059675.1238095192
03/26/2020	412.60905310139924	120.64592195947347	342.0	1003.0686471374012	774.604127291648	1585202400000	402.6738861395608	20133.69430697804	2.0	406.389161236318	3.7152750967571895	2023769.6686640377
03/27/2020	430.86101684622173	166.2336574891862	259.19	1028.4093127719257	694.677147967959	1585288800000	499.4028086175524	280.56179943795394	178.001	549.6846822559469	306.2983125047774	1250741.7694747704
03/28/2020	545.0855488133827	230.8942927709586	236.07580000000002	1047.879852625891	622.976792286818	1585375200000	488.11478469912737	221.87015498128062	220.0002	696.6002983662221	425.90590239066097	1259427.476207259
03/29/2020	512.1137322875834	188.9593758521424	271.0179	1058.6094065580173	695.8794394695188	1585461600000	586.9649132231353	236.68006854178034	247.99929999999995	846.2974201699202	469.22800684285835	1954284.0148043276
03/30/2020	654.3240052408942	115.40105912537817	567.0	1063.3366567083922	1323.6218951769213	1585548000000	985.9871043371292	10955.412270412546	9.0	997.5273353924944	11.540231055365185	1942703.0724944551
03/31/2020	401.73250399026915	64.79556515972084	620.0	1068.2571750482184	986.4217880269917	1585634400000	1140.294783816951	12669.942042410567	9.0	1149.4325720651216	9.137788248170494	1826893.6493948854
04/01/2020	354.67313180444245	52.157813500653305	680.0	1073.630971677874	1081.7952095199746	1585720800000	1292.9029516809824	14365.588352010915	9.0	1302.040739929153	9.137788248170494	1713979.4618728575
04/02/2020	327.0856829976896	44.68383647509421	732.0	1079.1823750121303	1158.180566215075	1585807200000	1445.278804777822	14452.78804777822	10.0	1455.4165930259926	10.137788248170494	1398398.7839266858
04/03/2020	360.10453689673244	46.345500244109715	777.0	1084.875901010979	1227.7327206722543	1585893600000	1598.4477154938404	14531.342868125823	11.0	1609.5855037420108	11.137788248170494	1531579.620491138
04/04/2020	492.2925284164803	111.66879707481844	440.85056999999995	1089.6991383307986	732.4220377972629	1585980000000	1145.1687470591646	263.2585146543648	434.99780000000004	1764.5677753150087	660.1518558870497	1493941.5579838199
04/05/2020	489.1217041086292	100.09538089598337	488.6556200000001	1095.5075887440894	817.8138008692455	1586066400000	1276.66975130171	284.9684458777503	448.0038999999998	1920.2390807908366	669.5820733589422	1821103.1782398857
04/06/2020	495.2269613989951	95.83130795879515	516.76949	1102.7394097746248	836.949579472763	1586152800000	1378.3056836738094	293.25540533542835	470.00180000000006	2076.740164897136	722.136844536543	1881903.125367189
04/07/2020	496.6175850808431	95.51451249329304	519.939402	1113.6372512974526	867.3326401344141	1586239200000	1325.022901211807	241.3508897518732	549.0026999999999	2234.274366293509	1018.216360807511	1887693.5965220935
04/08/2020	454.3068730401298	86.54290098439884	524.9499010000001	1128.475461005379	843.9945848067222	1586325600000	1361.8028303123383	215.4764951538204	631.9959999999998	2393.3654021931457	1177.7290447611838	1847160.2984373057
04/09/2020	420.47335236377074	73.78711518524351	569.8465799999999	1147.3092239019963	914.4611579609386	1586412000000	1461.1635356725728	216.46809470323984	675.0017999999997	2554.576182336772	1246.4927434977326	1783465.1157326114
04/10/2020	392.2854616950918	64.67753454858705	606.52507	1170.1191837439148	994.1745022698849	1586498400000	1550.5946011300646	211.8307606398421	731.9969000000001	2718.477500037056	1320.0800206088752	1493941.5579838199
04/11/2020	370.07282036081597	58.14770273792498	636.4358400000002	1196.9736809424944	1011.4730746002136	1586584800000	1592.4567506573856	201.0673907381976	792.0014999999999	2885.6373834290443	1455.8780565573147	1821103.1782398857
04/12/2020	476.62981483349415	61.12038621993779	779.8213399999999	1227.0869155576072	1226.3076924787338	1586671200000	1689.4831720377447	200.65170851824502	841.9979000000003	3056.6336235636873	1544.5419612633912	1881903.125367189
04/13/2020	458.0816809015958	58.94497206220804	777.1344440000001	1263.0228391167059	1229.8023184798171	1586757600000	1869.7116564389332	222.05609532152246	841.9997000000001	3231.931754357631	1531.295756949783	1887693.5965220935
04/14/2020	514.26013631391	68.28723381668412	753.0838599999998	1305.617597972011	993.8790908720467	1586844000000	2553.294618438226	280.89062068214605	908.9996000000003	3412.363588517159	1649.4419558848663	1847160.2984373057
04/15/2020	484.26013897146436	55.764255310472784	868.4060000000001	1355.5712551386305	1109.9621241551504	1586930400000	2698.640872292375	287.09000424600566	939.9981999999995	3598.880388227446	1702.351547400754	1398398.7839266858
04/16/2020	555.6583835019984	69.79441280346194	796.1359100000002	1413.5906285315405	1001.3404037208651	1587016800000	2794.7040523294777	275.88309731851524	1013.0029999999997	3792.5334246758234	1814.1944339998252	1531579.620491138
04/17/2020	461.81503158915336	45.89600795932453	1006.2204799999997	1478.6166601368147	1292.0336943509274	1587103200000	2892.244039552003	271.3170703373309	1066.0015	3994.4749430374723	1868.932604247596	1493941.5579838199
04/18/2020	494.366938535307	45.25097297107936	1092.5001300000004	1553.3885253189335	1413.1396766786834	1587189600000	3026.528183695133	270.7091156517011	1118.0000999999997	4205.705894485585	1940.2542771377107	1821103.1782398857
04/19/2020	505.8800681065754	42.384608572761266	1193.546632	1639.6016033770165	1595.1827566302054	1587276000000	3184.571239456044	274.5319963014178	1160.0000299999997	4427.61854095972	1966.0921387081164	1881903.125367189
04/20/2020	564.8684937335779	44.65466274900959	1264.9709100000007	1741.3860003028033	1734.9731702974113	1587362400000	3331.0349999976493	277.123871130189	1202.0021899999997	4661.8473414421505	1992.65142758523	1887693.5965220935
04/21/2020	649.116603265326	49.58875035246959	1308.9997200000003	1861.1903159970059	1639.5142437049926	1587448800000	3715.5468912190213	296.29435307960995	1254.0052999999996	4910.6167700568385	1888.1657364835974	1847160.2984373057
04/22/2020	688.987855133766	49.17812519102476	1401.0047200000001	2001.6362578817123	1772.8485212452672	1587535200000	3906.1888642540616	296.59679036240846	1317.0030799999997	5176.501100913555	1948.9897789292438	1398398.7839266858
04/23/2020	591.8628764826345	42.18551522539124	1403.000232	2165.6528542829624	1780.0690927881892	1587621600000	3998.1899772188644	260.299257084635	1535.9974600000003	5462.449137753799	2242.732278580361	1531579.620491138
04/24/2020	636.2496228588728	40.14189711685246	1585.001379	2353.5252813429192	2085.5329622413406	1587708000000	4205.370684974498	263.82527476765165	1593.9984099999997	5771.828116937079	2268.6448514462345	1493941.5579838199
04/25/2020	750.2257206286799	41.97982328323962	1787.1102400000013	2571.8587222439155	2403.0509018292823	1587794400000	4468.5672131809215	270.16751011436236	1653.9987399999984	6108.046014271781	2346.303942191865	1821103.1782398857
04/26/2020	757.727134652108	41.632221503553666	1820.0497289999996	2825.8008690847546	2468.886803369989	1587880800000	4724.504135891469	266.3187426805515	1774.00362	6475.454403163769	2510.217054318387	1881903.125367189
04/27/2020	904.9245161587434	45.94426763327103	1969.6135399999991	3125.389889241833	2743.52947413355	1587967200000	5002.426282883586	271.5756845970741	1842.0008000000016	6879.140241604448	2558.926735149638	1887693.5965220935
04/28/2020	1326.6583022911052	58.606428486214575	2263.673690000001	3341.410226978936	2525.0929028022965	1588053600000	5397.615760512123	282.3027380342172	1911.9955400000026	7325.624511496138	2259.224665841813	1847160.2984373057
04/29/2020	1115.5073174658694	42.995370385471446	2594.4824000000012	3496.6034734024124	2910.418893565988	1588140000000	5711.71673391221	279.5735241859347	2043.0106	7802.968829635987	2414.606308312523	1398398.7839266858
04/30/2020	870.597133044388	29.457019802798445	2955.4827299999997	3608.3328733626677	3371.2706354923894	1588226400000	6079.260797522379	279.892701390245	2171.9969	8302.483611550617	2557.0648074510887	1531579.620491138
05/01/2020	584.8880878879187	17.0201399261481	3436.447	3685.085752395386	3963.9338164207625	1588312800000	6466.964804733366	283.51501810211226	2280.9954999999995	8817.959736316714	2691.7361489241302	1493941.5579838199
05/02/2020	839.509960697539	21.87896770853941	3837.0638499999995	3741.066126327904	4469.242230022862	1588399200000	6861.954089363999	286.3917104781301	2396.003040000001	9344.40055808748	2809.62727823607	1821103.1782398857
05/03/2020	745.7692468815197	20.47378053620615	3642.55759	3784.849422337945	4276.3185912148865	1588485600000	6849.07155577317	227.24444866169452	3013.9664999999995	9878.838576134325	3517.919931587211	1881903.125367189
05/04/2020	1402.230631620247	45.19102042070459	3102.8965900000017	3828.010091194523	3775.5179895381866	1588572000000	6350.25082386497	150.8024946227374	4210.971999999994	10419.531350754027	4891.325866793315	1887693.5965220935
05/05/2020	992.2628981874999	29.81048559294858	3328.57006	3875.6869728697916	3803.3092067632424	1588658400000	6189.277587813403	134.17028338929765	4613.001800000001	10966.389935210393	6871.010620242801	1847160.2984373057
05/06/2020	1024.4354559518897	27.834944987670223	3680.39332	3931.2921589139714	4241.224969208409	1588744800000	6435.827391047731	128.5879983989551	5004.998500000003	11520.059502763219	7380.244822782199	1398398.7839266858
05/07/2020	1345.8938954770451	32.45742427080692	4146.644182999999	3997.061019269603	4775.178603924962	1588831200000	6699.54486706062	126.21583528288419	5308.006599999999	12081.67266832236	7768.974301823459	1531579.620491138
05/08/2020	1558.9837330684468	34.72699729014876	4489.25578	4069.038787673307	5211.310159219055	1588917600000	6959.394569093364	122.15928311211566	5696.983799999999	12652.681385360875	8298.551303883996	1493941.5579838199
05/09/2020	1695.7636810711845	36.628183313014816	4629.6690899999985	4153.252315364282	5378.994497020252	1589004000000	7322.140697493525	115.82102697922463	6321.944199999999	13233.972640742775	9149.65814406727	1821103.1782398857
05/10/2020	1577.1155387252884	34.62602491343936	4554.711500000002	4251.691707474358	5326.869980571729	1589090400000	7462.04268496747	108.42935764542581	6881.939399999999	13827.294400080527	9856.825032386603	1881903.125367189
05/11/2020	1409.869284828241	31.98820524051038	4407.466046400002	4371.968259759354	5208.196650888413	1589176800000	7434.575844497363	98.65408831796724	7536.003799999996	14434.678929719725	10618.095959075494	1887693.5965220935
05/12/2020	1420.459949969654	32.00025285282202	4438.902269	4515.8278682262035	5351.705025202444	1589263200000	6962.70572536693	84.67342907206636	8223.0114	15059.24582397106	12386.599206457926	1847160.2984373057
05/13/2020	1349.815120009629	31.37833071646294	4301.742919999998	4684.272891297715	5124.043429159467	1589349600000	7274.531343358512	82.78689713836947	8787.056400000001	15704.364090860516	13139.111960414144	1398398.7839266858
05/14/2020	1061.4496455996111	24.03982639019326	4415.3798300000035	4877.882915266415	5326.4018050541345	1589436000000	7327.881866923979	80.20860820939563	9136.029199999995	16373.545932474477	13499.765400357426	1531579.620491138
05/15/2020	1173.3861087638634	24.285200994204594	4831.69198	5089.763087325996	5912.71920187246	1589522400000	7446.641269273809	78.36057517090349	9503.045699999997	17070.386348941105	13900.23481496107	1493941.5579838199
05/16/2020	1157.9807285761847	24.159193818206855	4793.126531	5326.941364035202	5861.100192197257	1589608800000	7615.860632442516	74.14933507774248	10270.9763	17797.495361416255	14934.159521005853	1821103.1782398857
05/17/2020	1167.83837958309	23.896311316999892	4887.107319999999	5591.61725747215	6052.116256803381	1589695200000	7674.5669424836005	70.42882629683442	10896.9116	18558.48698484985	15683.546958790852	1881903.125367189
05/18/2020	1235.7799303300471	24.99359167958289	4944.387129999999	5894.867850000778	6257.798173076415	1589781600000	7598.610612296496	66.10382376581735	11494.963799999992	19357.28945020302	16333.78485909255	1887693.5965220935
05/19/2020	1129.4167245809808	23.400201293054764	4826.5256800000025	6050.08162076741	6477.392990894843	1589868000000	8039.628715532849	65.42705466538699	12287.927000000001	20199.413428774566	18373.693137238675	1847160.2984373057
05/20/2020	761.3404271146571	16.025540253674567	4750.7941390000005	6099.7093527473335	6260.615915320572	1589954400000	8249.388922797456	63.43713478158754	13004.037699999999	21063.710803169884	19462.333062877326	1398398.7839266858
05/21/2020	981.7765533941263	19.844264684479548	4947.407066999999	6074.64741255319	6476.920530749486	1590040800000	8491.391221355287	63.85950399263535	13296.989000000007	21935.09785356237	19820.290758135623	1531579.620491138
05/22/2020	1464.5644596767395	26.61420795893705	5502.942120000001	5993.793945503194	7139.196156739519	1590127200000	8856.070241528463	65.41601226449251	13538.0772	22802.904626784264	20154.785489183956	1493941.5579838199
05/23/2020	1608.7265616948662	28.889878058512753	5568.4782000000005	5876.710027230195	7176.740343807908	1590213600000	9006.660682190282	62.82098135907933	14337.026399999999	23659.160904713284	21264.346628757423	1821103.1782398857
05/24/2020	1824.41126309374	32.37001399969161	5636.1151500000005	5736.116644644726	7164.292207797679	1590300000000	9100.224991623285	60.73317783370222	14983.943399999998	24498.690908603316	22118.81859684629	1881903.125367189
05/25/2020	2150.7073844594875	37.85547960653986	5681.363455999998	5584.69575619748	7149.0889271403785	1590386400000	9301.24251114671	59.25496850816366	15696.983300000002	25318.136143552565	23130.903916865715	1887693.5965220935
05/26/2020	1756.89666399145	31.03464520822843	5661.081840000001	5429.076130108805	6416.26327579142	1590472800000	10826.205594392017	65.92488108044714	16422.03279999999	26115.949823009345	23724.38600558945	1847160.2984373057
05/27/2020	1382.5152582927526	26.101500095517263	5296.688900000001	5273.536206855234	6020.364724494942	1590559200000	10665.18217667551	61.8413697947504	17246.031600000002	26891.532127310613	24668.018213772324	1398398.7839266858
05/28/2020	1305.796311697974	24.59318735853204	5309.5855070000025	5120.761158049578	6067.1454208644045	1590645600000	10620.377079014836	60.267647512668205	17622.0203	27644.894442575638	25034.198416706062	1531579.620491138
05/29/2020	1569.2082856479647	28.11409877843445	5581.570649	4969.438782680973	6449.489887409446	1590732000000	10642.693276389711	59.370008962712646	17926.042899999997	28376.431750868443	25294.04825974957	1493941.5579838199
05/30/2020	1433.071304471251	27.13528381013416	5281.209934999998	4823.400111082663	6058.017732671113	1590818400000	10572.319790344727	55.9680110582961	18889.933000000005	29086.35157696573	26487.06533790937	1821103.1782398857
05/31/2020	1495.919470326498	29.368997243428474	5093.532672999998	4684.015119407632	5775.911943298075	1590904800000	10555.299075738547	53.48506308765009	19735.0409	29775.408735691813	27533.361723036614	1881903.125367189
06/01/2020	1343.758181081821	28.578647836704455	4701.965568000002	4554.845030709938	5241.338439596324	1590991200000	10598.429084128042	51.722286732376	20491.029600000005	30444.553752750042	28492.50133942638	1887693.5965220935
06/02/2020	1681.6940258370755	40.54591541959141	4147.6287029999985	4436.401836515132	5424.162433788407	1591077600000	10060.551607634474	46.895980976240864	21452.907900000002	31095.24589999432	30724.397115813223	1847160.2984373057
06/03/2020	1279.1345318340007	34.2519617638035	3734.485459999998	4328.656563976653	4873.371337860489	1591164000000	10351.419131361385	46.512825929885054	22254.97789999999	31729.017590925057	31816.34711248354	1398398.7839266858
06/04/2020	1191.4595118149882	32.092398602142495	3712.5910300000014	4231.315644937402	4852.266613446897	1591250400000	10307.362221900848	45.59731853261461	22605.1938	32347.39710006457	32260.58448775835	1531579.620491138
06/05/2020	1371.636803393379	34.9110031256492	3928.95271	4141.772192322827	5167.298855821683	1591336800000	10376.04999333533	45.08958351611743	23012.07769999999	32951.870763627056	32753.869838297313	1493941.5579838199
06/06/2020	1511.5451734412432	37.54753259289237	4025.6844300000002	4061.8474569163564	5315.405042323099	1591423200000	10448.42170483671	44.60738868104724	23423.074100000005	33543.55250538745	33275.53147563338	1821103.1782398857
06/07/2020	1164.9791565565797	31.78748448617705	3664.8988600000002	3991.914483277755	4854.8132599266955	1591509600000	10683.339362018174	44.186188546036355	24178.006100000006	34123.816427804086	34285.029638519816	1881903.125367189
06/08/2020	1088.3029193513246	32.28970531411695	3370.4331110000007	3934.3717411257358	4469.722675737182	1591596000000	10858.33525383288	43.68841723740143	24854.036700000008	34694.089925415195	35214.561704438216	1887693.5965220935
06/09/2020	1243.9829521146178	39.93888932660159	3114.7159399999987	3889.5533518488396	4773.960725446951	1591682400000	15975.160779504376	62.80018739585597	25438.078199999985	35256.143031290296	39952.54117750522	1847160.2984373057
06/10/2020	1001.7388146603975	33.66546141211636	2975.56835	3857.5921540393765	4540.069132687866	1591768800000	16229.802584681638	62.63670162201828	25911.01090000001	35811.79351012583	40701.321282951794	1398398.7839266858
06/11/2020	1208.0576572084638	38.08912863322249	3171.6599999999985	3805.1925004979475	4793.908652121217	1591855200000	16210.38526945257	62.06375888309057	26118.922800000004	36362.87810356005	41051.54469043773	1531579.620491138
06/12/2020	1528.5162222407887	44.04020368482587	3470.7292300000004	3736.435034554259	5239.774359798244	1591941600000	16220.338408885184	61.66947210229261	26302.054899999996	36906.47703220261	41304.04670824571	1493941.5579838199
06/13/2020	1338.6355732723232	41.054202100347915	3260.654220000001	3657.9517467945516	4906.990634065227	1592028000000	16590.016561130833	61.666022697091215	26903.0105	37440.25346571037	42243.499610189785	1821103.1782398857
06/14/2020	1206.065280244496	39.10878460161843	3083.87308	3574.012437854724	4634.504644583771	1592114400000	16835.149203812613	61.46904443185455	27388.0119	37962.81800096673	43006.27907509863	1881903.125367189
06/15/2020	920.1169515196556	32.88660362270865	2797.8472999999985	3489.7766550204087	4184.872589769571	1592200800000	17197.57806194059	61.61154433468898	27912.91509999999	38473.39120637455	43834.51521499432	1887693.5965220935
06/16/2020	930.355554040801	36.07460126552215	2578.9766799999998	3407.8399197439676	4011.3255769671036	1592287200000	20101.90195960951	70.98375184733894	28319.0187	38971.93072852031	46985.84346181391	1847160.2984373057
06/17/2020	759.1284127057204	29.75825137203475	2550.9846100000004	3330.046594842891	3926.7443105201287	1592373600000	20234.792297488802	70.43329986619798	28729.013600000002	39458.76500276945	47673.95106053846	1398398.7839266858
06/18/2020	1037.8455031734463	37.93085724161591	2736.1509300000007	3257.7755135288303	4254.815830682643	1592460000000	20197.35288667911	69.86547333809173	28908.918699999995	39934.485944889864	47929.75312966595	1531579.620491138
06/19/2020	1380.2551582724363	47.22360761993201	2922.8075274999997	3190.414523194783	4536.463015418841	1592546400000	20183.29736849388	69.42768094199135	29070.965779999988	40399.88244682255	48217.53398943524	1493941.5579838199
06/20/2020	1264.2151776422454	44.45331499222708	2843.9165399999997	3130.6600322460504	4362.076287467118	1592632800000	20521.122782426177	69.3798429938448	29577.931999999993	40855.655950136075	49051.64655636571	1821103.1782398857
06/21/2020	1252.300826322776	44.40851684799883	2819.956429999999	3080.0531424386745	4275.620103785329	1592719200000	20926.905458254678	69.65426553939838	30043.968300000008	41302.8930975998	49810.30092700056	1881903.125367189
06/22/2020	1130.2471113864972	41.46954787413133	2725.4869400000002	3041.964036967719	4104.519553792553	1592805600000	21191.16142435898	69.5933865340052	30449.9644	41742.90068937679	50479.79084925388	1887693.5965220935
