time	total error	% error	count	predicted	reported*lambda	long time	total error	% error	count R	predicted R	 reported R*lambda	trips
03/22/2020	0.0	0.0	166.0	419.36003597398894	419.36003597398894	1584856800000	2.0198035165807915	201.98035165807914	1.0	0.0	2.0198035165807915	2143175.4666666654
03/23/2020	199.26632528783415	85.89065745165266	232.0	588.1445822452774	567.2219446554172	1584943200000	57.888773051131935	5788.877305113194	1.0	59.90857656771273	2.0198035165807915	2048541.7447619182
03/24/2020	253.8022616221593	97.61625447006128	260.0	698.6159781499802	495.07226964354317	1585029600000	141.99346724488262	14199.346724488263	1.0	143.9292311741809	1.9357639292982605	1939991.2990476342
03/25/2020	395.4656162110022	198.02985288482833	199.70000000000002	765.2799799789682	400.2515399223718	1585116000000	362.31845280711906	296.98233836649104	121.99999999999999	243.73151376703518	304.2868439983394	2059675.1238095192
03/26/2020	265.6249268580865	77.66810726844635	342.0	799.3123377793678	696.1922439033078	1585202400000	349.18569733400557	17459.28486670028	2.0	353.0572251926021	3.871527858596521	2017768.0169176504
03/27/2020	364.7718020841514	140.73529151747806	259.19	809.464051458328	542.5033246655156	1585288800000	452.8507601333433	254.40911013609096	178.001	467.24470201822595	348.39548881988406	1247032.5941465271
03/28/2020	415.1785208185086	175.86661606929155	236.07580000000002	819.2260371809261	508.7790767160373	1585375200000	408.289680391113	185.58604964500623	220.0002	582.8824236551299	387.6842900629522	1255692.5427169937
03/29/2020	381.54903192952855	140.78370171473122	271.0179	825.6917323216003	579.9071097440678	1585461600000	450.5041327286264	181.65540496631505	247.99929999999995	699.9147146809765	430.9557274578393	1948488.428353961
03/30/2020	479.96966296089965	84.65073420827154	567.0	829.9728359599641	1107.8051090891297	1585548000000	805.8054863309396	8953.394292565996	9.0	817.8706764412053	12.065190110265602	1936941.830259929
03/31/2020	316.01788726248964	50.970626977820906	620.0	835.5687192387059	882.9603299395804	1585634400000	927.0105995307252	10300.117772563615	9.0	936.4382244354855	9.42762490476024	1821475.8493204664
04/01/2020	308.28379423253284	45.33585209301954	680.0	842.4089896359802	960.0994663451011	1585720800000	1046.3775594219692	11626.417326910769	9.0	1055.8051843267292	9.42762490476024	1708896.5179045005
04/02/2020	332.7633937614134	45.45948002205101	732.0	850.2019131422	1024.379840396925	1585807200000	1165.7217007985382	11657.217007985382	10.0	1176.1493257032985	10.42762490476024	1394251.719844339
04/03/2020	371.3718053732397	47.79559914713509	777.0	858.8756872044521	1081.3484203919165	1585893600000	1286.179116961709	11692.537426924628	11.0	1297.6067418664693	11.42762490476024	1527037.5979248122
04/04/2020	462.7356717048737	104.96429021400012	440.85056999999995	867.7886099678843	581.2892098188158	1585980000000	809.215228736826	186.02743019317015	434.99780000000004	1420.3032686099627	645.117483158839	1489511.1541194345
04/05/2020	418.9995797563847	85.745372120428	488.6556200000001	878.1267944351551	665.3732657611918	1586066400000	912.0715562628867	203.5856286659306	448.0038999999998	1544.2730700339457	654.2955846429363	1815702.5502735595
04/06/2020	426.4463115221579	82.52157292067648	516.76949	890.2081210473503	693.6146439441545	1586152800000	988.9573329888132	210.41564798024456	470.00180000000006	1669.7197549532539	696.6203563112525	1876322.1902667237
04/07/2020	415.2384168636826	79.86284849088675	519.939402	905.52551981076	725.6420622221333	1586239200000	945.1636325913774	172.16010642413553	549.0026999999999	1796.892343674304	979.5955618255383	1882095.489313741
04/08/2020	376.52994147665913	71.72683350532894	524.9499010000001	924.3491652974816	726.7662720708369	1586325600000	998.435878007033	157.98136032617825	631.9959999999998	1926.253132218698	1103.943702256708	1841682.3959848753
04/09/2020	356.4108508186156	62.54505393690625	569.8465799999999	946.8367458284439	800.8625514143715	1586412000000	1067.075960649857	158.08490594393342	675.0017999999997	2058.303012975482	1161.4406643246514	1778176.1064681855
04/10/2020	333.5545006695662	54.994346840364926	606.52507	973.123681448372	873.418376672125	1586498400000	1119.7769024156355	152.97563451643518	731.9969000000001	2193.565405236687	1233.5858682920486	1749309.611233319
04/11/2020	323.73014249973653	50.866108121713644	636.4358400000002	1003.4291919265983	912.0146626985062	1586584800000	1203.5188470511832	151.95916258380615	792.0014999999999	2332.583074015027	1343.6531897337431	995894.0856030927
04/12/2020	429.2623608582132	55.04624442031982	779.8213399999999	1038.2404442182246	1120.6343358456652	1586671200000	1296.9953667045997	154.03783865786355	841.9979000000003	2475.930101433112	1406.209788927403	1804155.9521795502
04/13/2020	453.1092538936877	58.30513077782042	777.1344440000001	1075.8629627943378	1133.2641484299015	1586757600000	1429.9815440081434	169.83159780319912	841.9997000000001	2624.250164892859	1384.5782385192522	1879208.8397901678
04/14/2020	451.46507557800555	59.948844950415705	753.0838599999998	1120.3870829556859	909.6556133047179	1586844000000	2121.6194836214245	233.40158605365986	908.9996000000003	2777.9448738634783	1445.792275549983	1977354.9235888307
04/15/2020	415.47491984175906	47.84339581276028	868.4060000000001	1172.6939894880425	1017.4808201371504	1586930400000	2252.7992159509904	239.6599499819246	939.9981999999995	2938.000171428576	1492.245365125349	1980241.5731123274
04/16/2020	488.37416897255497	61.343065026743346	796.1359100000002	1233.9828472110921	922.0894327037997	1587016800000	2338.577379756396	230.85591846780284	1013.0029999999997	3105.5278842125817	1589.6984345826427	1954261.7274009055
04/17/2020	440.7236378017804	43.79990733261368	1006.2204799999997	1305.3539625664039	1220.6237257568814	1587103200000	2419.4389978974195	226.9639393469352	1066.0015	3281.8111480998805	1637.699389861274	1962921.6759713588
04/18/2020	454.04355103866163	41.56004549296131	1092.5001300000004	1388.1572938562358	1345.8850890402116	1587189600000	2535.168171818331	226.75920796593235	1118.0000999999997	3468.290285609367	1704.606003825512	1824362.4988439
04/19/2020	470.071949610755	39.384464503332026	1193.546632	1484.282020559383	1526.753283474255	1587276000000	2675.4014718493136	230.63805195326714	1160.0000299999997	3666.598470445973	1732.671794467452	2035087.9140584855
04/20/2020	526.7586063706842	41.641954151394984	1264.9709100000007	1595.354774679183	1664.1864629742483	1587362400000	2804.283626207023	233.30104134061716	1202.0021899999997	3878.6387590973122	1760.8320256349061	2118800.7502396326
04/21/2020	635.4192341300935	48.54235065306916	1308.9997200000003	1725.2580461074656	1588.9297882538488	1587448800000	3099.8810591016704	247.19840172140192	1254.0052999999996	4106.546584051482	1723.1122816877794	2271793.174984659
04/22/2020	674.6622052748819	48.155598310538295	1401.0047200000001	1877.5524482944218	1716.7576731670936	1587535200000	3250.020006139685	246.77391082029098	1317.0030799999997	4353.012019209693	1781.2977436700173	2202513.5864208345
04/23/2020	551.6055812485653	39.31614326693606	1403.000232	2056.8773720122017	1739.4241668596055	1587621600000	3344.169666589729	217.71973936660862	1535.9974600000003	4621.233797537466	2055.109767998372	2141893.9464275534
04/24/2020	616.3144916017667	38.88416122329233	1585.001379	2267.1249888122848	2031.0600127203859	1587708000000	3528.9189347510874	221.38785789322637	1593.9984099999997	4915.073422110639	2091.615943836939	2162100.4930919325
04/25/2020	741.8192527081359	41.50942880323574	1787.1102400000013	2513.268002070496	2343.7725203413065	1587794400000	3782.7852118188525	228.7054470077079	1653.9987399999984	5238.948420512395	2164.6319994125006	2113027.4511927348
04/26/2020	756.6124149600633	41.570974842306825	1820.0497289999996	2801.9976343466437	2418.9334776242085	1587880800000	4025.796208593466	226.93280685602355	1774.00362	5597.986706522462	2313.729212127625	2346846.062595104
04/27/2020	879.637516609653	44.66041173791145	1969.6135399999991	3140.349080530463	2677.3461646046558	1587967200000	4292.3189324586865	233.02481369490627	1842.0008000000016	5998.272082857698	2366.147689375247	2170760.4416623963
04/28/2020	1372.4042486648807	60.62730042442115	2263.673690000001	3385.249666136053	2493.004836252364	1588053600000	4636.59010957678	242.50004838278932	1911.9955400000026	6446.893380076335	2221.0522295183455	2355506.0111656706
04/29/2020	1146.7225252481926	44.19850854444771	2594.4824000000012	3561.3736337452356	2879.611390384835	1588140000000	4955.3465170211175	242.55118975012257	2043.0106	6930.500475238629	2368.073810815892	2491178.5387695776
04/30/2020	916.2705200573397	31.002398043359225	2955.4827299999997	3691.2004958862426	3340.3555840445633	1588226400000	5338.080243211021	245.7683177729683	2171.9969	7439.2681372022325	2504.866287314952	2029314.6150115277
05/01/2020	615.0409271687358	17.897582217003077	3436.447	3791.58149106632	3938.5866986963015	1588312800000	5742.048479981858	251.73431863332738	2280.9954999999995	7966.5824937574125	2639.3608129484896	2084160.95595788
05/02/2020	695.1968514545725	18.117938054498953	3837.0638499999995	3869.0342208352727	4442.74306876213	1588399200000	6157.177692426813	256.97704008033355	2396.003040000001	8508.236992481174	2755.504001303256	1991788.1712061854
05/03/2020	611.3973751858052	16.78483757852694	3642.55759	3934.5543074849284	4261.601943904784	1588485600000	6179.7132563449295	205.0358972584775	3013.9664999999995	9060.956166886212	3450.7777636957717	2205400.235944211
05/04/2020	1441.7520412132023	46.46471448193514	3102.8965900000017	3994.846311640289	3774.8350799105533	1588572000000	5745.720969256208	136.44643016520214	4210.971999999994	9623.035353669775	4798.648770306146	2075501.0073873636
05/05/2020	993.611046083357	29.850987906901892	3328.57006	4058.7763122501588	3730.796158569887	1588658400000	5881.114799323976	127.48997408420641	4613.001800000001	10193.7276839041	6727.720769399876	2231380.081655664
05/06/2020	890.7737165880221	24.203220665231022	3680.39332	4129.056560697925	4143.101814353738	1588744800000	6132.848622678677	122.5344747391767	5004.998500000003	10773.55287136841	7227.189443801101	2156327.1940450417
05/07/2020	1080.5508250321582	26.058440930670958	4146.644182999999	4211.630324499669	4650.822431946649	1588831200000	6391.50841185477	120.41259353096454	5308.006599999999	11363.41809432525	7613.021562808922	2133233.9978571204
05/08/2020	1197.761954478549	26.680635124749983	4489.25578	4308.370725363649	5049.502846509809	1588917600000	6660.687659145237	116.91603650242499	5696.983799999999	11965.079569253776	8135.197304176897	2000448.119776663
05/09/2020	1272.3284448070342	27.482060166141046	4629.6690899999985	4421.838307521568	5194.730007631769	1589004000000	7116.3402688241595	112.5656925099744	6321.944199999999	12580.561101448586	8971.749066627834	1980241.5731123274
05/10/2020	1182.3130004900354	25.958021720805693	4554.711500000002	4552.942908401839	5123.599071469597	1589090400000	7275.997285605016	105.7259714551543	6881.939399999999	13212.25228823738	9672.719851477703	2283339.7730784556
05/11/2020	999.2916679058702	22.67270257752949	4407.466046400002	4704.468568967133	5007.508226069619	1589176800000	7249.652899029562	96.20022881397122	7536.003799999996	13862.672703723356	10416.851453464666	2297773.020695839
05/12/2020	1132.753455540204	25.51877439273723	4438.902269	4883.931532701045	5200.4556331508575	1589263200000	6619.962276732729	80.50532772863151	8223.0114	14534.739642147233	12102.640276409593	2202513.5864208345
05/13/2020	904.6327802562879	21.02944776291486	4301.742919999998	5093.384932227886	4950.601886036978	1589349600000	7012.886386767962	79.80927932553115	8787.056400000001	15232.444146818805	12862.560743583303	2251586.6283200365
05/14/2020	673.9443040385167	15.26356349819436	4415.3798300000035	5333.604626346445	5146.053050233042	1589436000000	7147.1362767022265	78.23022584803286	9136.029199999995	15960.07056570851	13220.43443596241	2271793.174984659
05/15/2020	536.5669708747123	11.1051568083343	4831.69198	5608.832853052981	5702.766459409975	1589522400000	7310.942863981536	76.93262870430623	9503.045699999997	16722.014083757997	13617.156681538754	2095707.554051719
05/16/2020	715.0798238461681	14.918859730101461	4793.126531	5923.043939866688	5645.851667757125	1589608800000	7549.927691979293	73.50740057670363	10270.9763	17523.275919908425	14627.608521215503	2009108.068347089
05/17/2020	802.1164940174996	16.4129093448576	4887.107319999999	6276.627553757534	5826.106283224224	1589695200000	7708.476496602679	70.74001129460093	10896.9116	18369.4250541751	15366.443867378981	2502089.919545024
05/18/2020	981.9496197956008	19.859885441365126	4944.387129999999	6673.2214923827605	6013.487542939143	1589781600000	7667.3905340527945	66.7021720768951	11494.963799999992	19266.086133283312	15995.276315463516	2496284.6065066922
05/19/2020	1106.8820363580933	22.93330875550408	4826.5256800000025	6890.833639070577	6337.516464532671	1589868000000	8213.819515061481	66.84463144240262	12287.927000000001	20219.403489337998	18610.372451256073	2621098.836832007
05/20/2020	1066.0430915162074	22.439260896718203	4750.7941390000005	6980.828621140803	6100.290250911533	1589954400000	8556.78406263174	65.80097858860975	13004.037699999999	21203.808294919516	19684.093198982137	2612390.8672743044
05/21/2020	933.4210230692739	18.866873302084688	4947.407066999999	6982.310300834313	6330.135571935997	1590040800000	8839.2938194854	66.47590533078876	13296.989000000007	22201.069526511063	20035.207675472033	2586266.958601656
05/22/2020	698.6383212342909	12.695723596567483	5502.942120000001	6922.748264067805	6988.156029042136	1590127200000	9245.420244204968	68.29197461072957	13538.0772	23198.542426630236	20366.4412269848	2371470.376181271
05/23/2020	619.3105351344698	11.121719667223797	5568.4782000000005	6822.170951478271	7023.761495018862	1590213600000	9502.33459839487	66.27828067886428	14337.026399999999	24187.5064643542	21470.320772864772	2185700.358952963
05/24/2020	925.4714769741144	16.420379150239935	5636.1151500000005	6693.4605950667865	7017.032321839345	1590300000000	9684.707653538231	64.63390440688819	14983.943399999998	25162.102314565385	22306.16177490059	2345346.467508581
05/25/2020	1248.576820460237	21.976710874598858	5681.363455999998	6546.538323500906	6977.0094042921955	1590386400000	10039.968074574825	63.96113114661225	15696.983300000002	26118.31097100351	23326.608825793533	2577558.989044087
05/26/2020	1082.689335891136	19.125131317499832	5661.081840000001	6392.121950426758	6272.2645280782035	1590472800000	11138.802253682994	67.82840096192598	16422.03279999999	27053.53073150363	23667.797336980115	2621098.836832007
05/27/2020	828.351029551936	15.639034974320198	5296.688900000001	6238.638643897621	5877.362743045641	1590559200000	11114.28620134479	64.4454704660566	17246.031600000002	27966.691010136026	24599.465775449517	2502089.919545024
05/28/2020	601.7052863261983	11.33243424619356	5309.5855070000025	6090.498292019732	5938.56477314386	1590645600000	11168.44695079481	63.377789610166374	17622.0203	28857.925102121404	24945.688683856548	2444036.7891611494
05/29/2020	591.1820192111371	10.5916785146678	5581.570649	5949.689497579338	6341.4138808769785	1590732000000	11276.75587332932	62.90711193896185	17926.042899999997	29727.996286695656	25195.547035702748	2417912.8804883943
05/30/2020	618.7616479295801	11.716285766806587	5281.209934999998	5818.496201078253	5974.271071931466	1590818400000	11322.664185590405	59.94020299378724	18889.933000000005	30577.95192920699	26371.29256303662	2423718.1935267486
05/31/2020	618.913359930187	12.15096475597276	5093.532672999998	5699.15988751866	5719.5488290328085	1590904800000	11418.019628921478	57.856579506361584	19735.0409	31409.165672218154	27397.42179426444	2484673.980429836
06/01/2020	830.1497237037448	17.655376495171826	4701.965568000002	5593.9220880745315	5212.293035069962	1590991200000	11537.652551350378	56.30587030800237	20491.029600000005	32223.331370435124	28322.437251742107	2473063.3543530907
06/02/2020	909.0541101937945	21.91744187555341	4147.6287029999985	5505.243375194975	5447.682451633882	1591077600000	9112.673048632598	42.47756570396033	21452.907900000002	33022.463097302905	30274.931118768338	2522408.515179381
06/03/2020	750.686463248825	20.10146970150007	3734.485459999998	5434.899151206008	4936.74515018511	1591164000000	9324.674057618195	41.89927349969734	22254.97789999999	33808.926436616464	31340.17374503392	2525311.171698643
06/04/2020	580.374350283579	15.63259582307343	3712.5910300000014	5385.251762031172	4960.088616774557	1591250400000	9266.87700553859	40.99445944824676	22605.1938	34585.34060107447	31782.342329267674	2560143.0499289213
06/05/2020	547.6052403327957	13.937689780256878	3928.95271	5358.454925624806	5371.40732559347	1591336800000	9253.958579695625	40.21348571969939	23012.07769999999	35354.66228136463	32268.720564822954	2475966.0108723156
06/06/2020	590.328180886725	14.664045112118362	4025.6844300000002	5357.174103989326	5555.90631480898	1591423200000	9335.461475973987	39.855833765107654	23423.074100000005	36120.15584216819	32793.47550735738	2348249.124027757
06/07/2020	632.6940708667553	17.263616133372786	3664.8988600000002	5383.6143558720405	5208.65648424366	1591509600000	9560.724895445592	39.54306594142843	24178.006100000006	36885.466428452404	33793.60809145067	2525311.171698643
06/08/2020	834.4774895626784	24.75876132474531	3370.4331110000007	5440.287071202348	4894.423912518702	1591596000000	9735.818758786423	39.17198190500145	24854.036700000008	37654.55419357694	34702.74927311881	2444036.7891611494
06/09/2020	523.0142103125946	16.791714570048235	3114.7159399999987	5532.100749957399	5454.743853698983	1591682400000	14434.489648358833	56.743632655232744	25438.078199999985	38431.73806089156	39595.72900713221	2499187.2630258366
06/10/2020	513.6191150942285	17.261210453936588	2975.56835	5662.293673932334	5294.0913160193495	1591768800000	14672.985441317282	56.62837894648594	25911.01090000001	39222.03816802834	40367.71228817667	2618196.18031279
06/11/2020	470.8839121937397	14.846607523938252	3171.6599999999985	5713.1595124054265	5626.817657290639	1591855200000	14855.530790676048	56.87650637213893	26118.922800000004	40030.93726430438	40739.373304056135	2635612.119427938
06/12/2020	605.496991314715	17.445814731986886	3470.7292300000004	5707.947001513689	6108.299715128663	1591941600000	14784.469296708596	56.21032026934366	26302.054899999996	40847.10290893374	41024.06719183621	2589169.6151208607
06/13/2020	407.8562138332393	12.508416603378423	3260.654220000001	5663.52540670544	5885.136345561987	1592028000000	15224.493705137671	56.59029759936224	26903.0105	41662.52390914998	41962.37591377025	2568851.0194865204
06/14/2020	423.3418703064398	13.727603546720534	3083.87308	5592.16265087899	5620.029973482793	1592114400000	15495.788511310655	56.57872710107394	27388.0119	42471.59896725075	42780.60920309868	2664638.6846198956
06/15/2020	488.19993115388377	17.449127089740887	2797.8472999999985	5503.203109272702	5178.639794263635	1592200800000	15926.036821477703	57.056157568715236	27912.91509999999	43270.47934594777	43635.39976730359	2690762.59329264
06/16/2020	591.5341710603433	22.936778593141188	2578.9766799999998	5404.317784460151	5019.181876193386	1592287200000	18840.035571407017	66.52785455241434	28319.0187	44056.651218701	46717.65268116355	2699470.5628501745
06/17/2020	593.4933260642327	23.265264860387873	2550.9846100000004	5300.819851464796	4827.205188165118	1592373600000	19055.737376766505	66.32924346823556	28729.013600000002	44828.696616481015	47555.88309627918	2563045.706448103
06/18/2020	322.77488237035436	11.796676814548174	2736.1509300000007	5196.621900779068	5226.936130386736	1592460000000	19221.967992896887	66.49148033647101	28908.918699999995	45585.95659526171	47878.00007097584	2725594.4715229175
06/19/2020	533.5309523672693	18.254057010165866	2922.8075274999997	5093.879055256625	5388.3297426094905	1592546400000	19338.87304483271	66.5229810085543	29070.965779999988	46328.33115251586	48318.22346627414	2612390.8672743044
06/20/2020	380.5499103112459	13.381191218475278	2843.9165399999997	4996.10416518289	5192.722472273229	1592632800000	19650.86335586554	66.43758379005517	29577.931999999993	47056.02816040966	49235.976773662966	2641417.432466267
06/21/2020	413.04224902086855	14.647114566265435	2819.956429999999	4904.399508425532	5118.282405942158	1592719200000	20038.306179422034	66.69660272348919	30043.968300000008	47769.75732686437	50001.25042227606	2716886.501965367
06/22/2020	379.0539626946077	13.907751937149538	2725.4869400000002	4820.665563384724	4842.6443929829	1592805600000	20273.65225611987	66.5802166130607	30449.9644	48470.385828068014	50767.28481709291	2708178.5324078295
06/23/2020	4746.848545180381	Infinity	0.0	4746.848545180381	0.0	1592892000000	49159.05233712296	Infinity	0.0	49159.05233712296	0.0	2719789.1584845455
06/24/2020	4684.191771675033	Infinity	0.0	4684.191771675033	0.0	1592978400000	49837.17355786301	Infinity	0.0	49837.17355786301	0.0	2760426.3497533016
06/25/2020	4634.152826666593	Infinity	0.0	4634.152826666593	0.0	1593064800000	50506.34381095944	Infinity	0.0	50506.34381095944	0.0	2679151.967215878
06/26/2020	4598.496646249359	Infinity	0.0	4598.496646249359	0.0	1593151200000	51168.36564334039	Infinity	0.0	51168.36564334039	0.0	2754621.0367148705
06/27/2020	4578.297475995922	Infinity	0.0	4578.297475995922	0.0	1593237600000	51825.293735661755	Infinity	0.0	51825.293735661755	0.0	2621098.836832007
06/28/2020	4576.173987405886	Infinity	0.0	4576.173987405886	0.0	1593324000000	52479.33623223257	Infinity	0.0	52479.33623223257	0.0	2716886.501965367
06/29/2020	4593.361567324646	Infinity	0.0	4593.361567324646	0.0	1593410400000	53133.07537329055	Infinity	0.0	53133.07537329055	0.0	2708178.5324078295
06/30/2020	4633.583361737611	Infinity	0.0	4633.583361737611	0.0	1593496800000	53789.26988290835	Infinity	0.0	53789.26988290835	0.0	2719789.1584845455
07/01/2020	4699.9722738137425	Infinity	0.0	4699.9722738137425	0.0	1593583200000	54451.210363156584	Infinity	0.0	54451.210363156584	0.0	2760426.3497533016
07/02/2020	4796.490037665371	Infinity	0.0	4796.490037665371	0.0	1593669600000	55122.63497370143	Infinity	0.0	55122.63497370143	0.0	2679151.967215878
07/03/2020	4928.104439395951	Infinity	0.0	4928.104439395951	0.0	1593756000000	55807.847836225046	Infinity	0.0	55807.847836225046	0.0	2754621.0367148705
07/04/2020	5099.203909920099	Infinity	0.0	5099.203909920099	0.0	1593842400000	56511.86275613873	Infinity	0.0	56511.86275613873	0.0	2621098.836832007
07/05/2020	5317.210718702941	Infinity	0.0	5317.210718702941	0.0	1593928800000	57240.320457555914	Infinity	0.0	57240.320457555914	0.0	2716886.501965367
07/06/2020	5587.578798559768	Infinity	0.0	5587.578798559768	0.0	1594015200000	57999.92198879917	Infinity	0.0	57999.92198879917	0.0	2708178.5324078295
07/07/2020	5920.676324484505	Infinity	0.0	5920.676324484505	0.0	1594101600000	58798.14753145058	Infinity	0.0	58798.14753145058	0.0	2719789.1584845455
07/08/2020	6326.0739740545005	Infinity	0.0	6326.0739740545005	0.0	1594188000000	59643.95843494836	Infinity	0.0	59643.95843494836	0.0	2760426.3497533016
07/09/2020	6815.03726318774	Infinity	0.0	6815.03726318774	0.0	1594274400000	60547.683288384695	Infinity	0.0	60547.683288384695	0.0	2679151.967215878
07/10/2020	7400.67020780707	Infinity	0.0	7400.67020780707	0.0	1594360800000	61521.26004026868	Infinity	0.0	61521.26004026868	0.0	2754621.0367148705
07/11/2020	8093.800068450214	Infinity	0.0	8093.800068450214	0.0	1594447200000	62578.49864138398	Infinity	0.0	62578.49864138398	0.0	2621098.836832007
07/12/2020	8910.630245297696	Infinity	0.0	8910.630245297696	0.0	1594533600000	63734.755794019744	Infinity	0.0	63734.755794019744	0.0	2716886.501965367
07/13/2020	9859.773693283481	Infinity	0.0	9859.773693283481	0.0	1594620000000	65007.702971919396	Infinity	0.0	65007.702971919396	0.0	2708178.5324078295
07/14/2020	10958.10569021194	Infinity	0.0	10958.10569021194	0.0	1594706400000	66416.2420709599	Infinity	0.0	66416.2420709599	0.0	2719789.1584845455
07/15/2020	12215.033311202114	Infinity	0.0	12215.033311202114	0.0	1594792800000	67981.68574099014	Infinity	0.0	67981.68574099014	0.0	2760426.3497533016
07/16/2020	13637.369416967342	Infinity	0.0	13637.369416967342	0.0	1594879200000	69726.69049973332	Infinity	0.0	69726.69049973332	0.0	2679151.967215878
07/17/2020	15228.527739716588	Infinity	0.0	15228.527739716588	0.0	1594965600000	71674.88613072864	Infinity	0.0	71674.88613072864	0.0	2754621.0367148705
07/18/2020	16976.78773191888	Infinity	0.0	16976.78773191888	0.0	1595052000000	73850.39009354531	Infinity	0.0	73850.39009354531	0.0	2621098.836832007
07/19/2020	18876.403881826605	Infinity	0.0	18876.403881826605	0.0	1595138400000	76275.64548381943	Infinity	0.0	76275.64548381943	0.0	2716886.501965367
07/20/2020	20894.97641787413	Infinity	0.0	20894.97641787413	0.0	1595224800000	78972.27460979465	Infinity	0.0	78972.27460979465	0.0	2708178.5324078295
07/21/2020	23019.11758606768	Infinity	0.0	23019.11758606768	0.0	1595311200000	81957.27124091958	Infinity	0.0	81957.27124091958	0.0	2719789.1584845455
07/22/2020	25218.479159978553	Infinity	0.0	25218.479159978553	0.0	1595397600000	85245.71661035778	Infinity	0.0	85245.71661035778	0.0	2760426.3497533016
07/23/2020	27464.72298652509	Infinity	0.0	27464.72298652509	0.0	1595484000000	88848.35649035474	Infinity	0.0	88848.35649035474	0.0	2679151.967215878
07/24/2020	29735.271925745194	Infinity	0.0	29735.271925745194	0.0	1595570400000	92771.88834557257	Infinity	0.0	92771.88834557257	0.0	2754621.0367148705
07/25/2020	31992.472707215908	Infinity	0.0	31992.472707215908	0.0	1595656800000	97019.78433496474	Infinity	0.0	97019.78433496474	0.0	2621098.836832007
07/26/2020	34231.541529245456	Infinity	0.0	34231.541529245456	0.0	1595743200000	101590.13757885275	Infinity	0.0	101590.13757885275	0.0	2716886.501965367
07/27/2020	36414.732212250434	Infinity	0.0	36414.732212250434	0.0	1595829600000	106480.35779731638	Infinity	0.0	106480.35779731638	0.0	2708178.5324078295
07/28/2020	38554.66863309969	Infinity	0.0	38554.66863309969	0.0	1595916000000	111682.46239906644	Infinity	0.0	111682.46239906644	0.0	2719789.1584845455
07/29/2020	40642.59600065584	Infinity	0.0	40642.59600065584	0.0	1596002400000	117190.27220379499	Infinity	0.0	117190.27220379499	0.0	2760426.3497533016
07/30/2020	42675.66240078376	Infinity	0.0	42675.66240078376	0.0	1596088800000	122996.35734674579	Infinity	0.0	122996.35734674579	0.0	2679151.967215878
07/31/2020	44656.028441029186	Infinity	0.0	44656.028441029186	0.0	1596175200000	129092.88054685778	Infinity	0.0	129092.88054685778	0.0	2754621.0367148705
08/01/2020	46559.444377912005	Infinity	0.0	46559.444377912005	0.0	1596261600000	135472.3131812905	Infinity	0.0	135472.3131812905	0.0	2621098.836832007
08/02/2020	48396.15453731852	Infinity	0.0	48396.15453731852	0.0	1596348000000	142123.66237813508	Infinity	0.0	142123.66237813508	0.0	2716886.501965367
08/03/2020	50129.5714447966	Infinity	0.0	50129.5714447966	0.0	1596434400000	149037.39874060918	Infinity	0.0	149037.39874060918	0.0	2708178.5324078295
08/04/2020	51775.86788762046	Infinity	0.0	51775.86788762046	0.0	1596520800000	156198.7660898658	Infinity	0.0	156198.7660898658	0.0	2719789.1584845455
08/05/2020	53323.88337818501	Infinity	0.0	53323.88337818501	0.0	1596607200000	163595.3186452402	Infinity	0.0	163595.3186452402	0.0	2760426.3497533016
08/06/2020	54768.641050321385	Infinity	0.0	54768.641050321385	0.0	1596693600000	171213.01627069523	Infinity	0.0	171213.01627069523	0.0	2679151.967215878
08/07/2020	56112.27499357695	Infinity	0.0	56112.27499357695	0.0	1596780000000	179037.10784931257	Infinity	0.0	179037.10784931257	0.0	2754621.0367148705
08/08/2020	57334.13059623282	Infinity	0.0	57334.13059623282	0.0	1596866400000	187053.14713410923	Infinity	0.0	187053.14713410923	0.0	2621098.836832007
08/09/2020	58451.93076310072	Infinity	0.0	58451.93076310072	0.0	1596952800000	195243.7372192853	Infinity	0.0	195243.7372192853	0.0	2716886.501965367
08/10/2020	59441.47201457566	Infinity	0.0	59441.47201457566	0.0	1597039200000	203594.0130425855	Infinity	0.0	203594.0130425855	0.0	2708178.5324078295
08/11/2020	60332.5415485444	Infinity	0.0	60332.5415485444	0.0	1597125600000	212085.65190181043	Infinity	0.0	212085.65190181043	0.0	2719789.1584845455
08/12/2020	61129.88463291641	Infinity	0.0	61129.88463291641	0.0	1597212000000	220704.58640874547	Infinity	0.0	220704.58640874547	0.0	2760426.3497533016
08/13/2020	61844.08211800012	Infinity	0.0	61844.08211800012	0.0	1597298400000	229437.42707059064	Infinity	0.0	229437.42707059064	0.0	2679151.967215878
08/14/2020	62491.038332558615	Infinity	0.0	62491.038332558615	0.0	1597384800000	238272.2959445907	Infinity	0.0	238272.2959445907	0.0	2754621.0367148705
08/15/2020	63062.457443751744	Infinity	0.0	63062.457443751744	0.0	1597471200000	247199.58713495612	Infinity	0.0	247199.58713495612	0.0	2621098.836832007
08/16/2020	63583.47374924928	Infinity	0.0	63583.47374924928	0.0	1597557600000	256208.50962692068	Infinity	0.0	256208.50962692068	0.0	2716886.501965367
08/17/2020	64036.101170934715	Infinity	0.0	64036.101170934715	0.0	1597644000000	265291.86301967065	Infinity	0.0	265291.86301967065	0.0	2708178.5324078295
08/18/2020	64450.48851152648	Infinity	0.0	64450.48851152648	0.0	1597730400000	274439.87747266126	Infinity	0.0	274439.87747266126	0.0	2719789.1584845455
08/19/2020	64830.363684691176	Infinity	0.0	64830.363684691176	0.0	1597816800000	283647.090117165	Infinity	0.0	283647.090117165	0.0	2760426.3497533016
08/20/2020	65182.88911792364	Infinity	0.0	65182.88911792364	0.0	1597903200000	292908.5706435495	Infinity	0.0	292908.5706435495	0.0	2679151.967215878
08/21/2020	65518.78083199771	Infinity	0.0	65518.78083199771	0.0	1597989600000	302220.41194611	Infinity	0.0	302220.41194611	0.0	2754621.0367148705
08/22/2020	65825.0534212095	Infinity	0.0	65825.0534212095	0.0	1598076000000	311580.23777925246	Infinity	0.0	311580.23777925246	0.0	2621098.836832007
08/23/2020	66119.80119588271	Infinity	0.0	66119.80119588271	0.0	1598162400000	320983.8168394253	Infinity	0.0	320983.8168394253	0.0	2716886.501965367
08/24/2020	66380.5526982643	Infinity	0.0	66380.5526982643	0.0	1598248800000	330429.50272455154	Infinity	0.0	330429.50272455154	0.0	2708178.5324078295
08/25/2020	66630.22185160615	Infinity	0.0	66630.22185160615	0.0	1598335200000	339912.4388243035	Infinity	0.0	339912.4388243035	0.0	2719789.1584845455
08/26/2020	66867.28356117728	Infinity	0.0	66867.28356117728	0.0	1598421600000	349431.04194596136	Infinity	0.0	349431.04194596136	0.0	2760426.3497533016
08/27/2020	67093.82195252643	Infinity	0.0	67093.82195252643	0.0	1598508000000	358983.51102612953	Infinity	0.0	358983.51102612953	0.0	2679151.967215878
08/28/2020	67315.64417513479	Infinity	0.0	67315.64417513479	0.0	1598594400000	368568.34273363353	Infinity	0.0	368568.34273363353	0.0	2754621.0367148705
08/29/2020	67516.83583450278	Infinity	0.0	67516.83583450278	0.0	1598680800000	378184.86333008134	Infinity	0.0	378184.86333008134	0.0	2621098.836832007
08/30/2020	67710.83224114757	Infinity	0.0	67710.83224114757	0.0	1598767200000	387830.125592153	Infinity	0.0	387830.125592153	0.0	2716886.501965367
08/31/2020	67873.60761844563	Infinity	0.0	67873.60761844563	0.0	1598853600000	397503.1016266029	Infinity	0.0	397503.1016266029	0.0	2708178.5324078295
09/01/2020	68023.73855762016	Infinity	0.0	68023.73855762016	0.0	1598940000000	407199.3312863807	Infinity	0.0	407199.3312863807	0.0	2719789.1584845455
09/02/2020	68157.35578118876	Infinity	0.0	68157.35578118876	0.0	1599026400000	416917.0082231835	Infinity	0.0	416917.0082231835	0.0	2760426.3497533016
09/03/2020	68274.25504025428	Infinity	0.0	68274.25504025428	0.0	1599112800000	426653.77333478193	Infinity	0.0	426653.77333478193	0.0	2679151.967215878
09/04/2020	68378.02458054676	Infinity	0.0	68378.02458054676	0.0	1599199200000	436407.2383405326	Infinity	0.0	436407.2383405326	0.0	2754621.0367148705
09/05/2020	68452.2946630037	Infinity	0.0	68452.2946630037	0.0	1599285600000	446175.527566325	Infinity	0.0	446175.527566325	0.0	2621098.836832007
09/06/2020	68508.44864541797	Infinity	0.0	68508.44864541797	0.0	1599372000000	455954.4268038967	Infinity	0.0	455954.4268038967	0.0	2716886.501965367
09/07/2020	68523.18661575622	Infinity	0.0	68523.18661575622	0.0	1599458400000	465741.3480389567	Infinity	0.0	465741.3480389567	0.0	2708178.5324078295
09/08/2020	68513.44022115122	Infinity	0.0	68513.44022115122	0.0	1599544800000	475530.37469835044	Infinity	0.0	475530.37469835044	0.0	2719789.1584845455
09/09/2020	68475.50012683876	Infinity	0.0	68475.50012683876	0.0	1599631200000	485318.0090156578	Infinity	0.0	485318.0090156578	0.0	2760426.3497533016
09/10/2020	68409.43805203612	Infinity	0.0	68409.43805203612	0.0	1599717600000	495100.2233194917	Infinity	0.0	495100.2233194917	0.0	2679151.967215878
09/11/2020	68319.21992613637	Infinity	0.0	68319.21992613637	0.0	1599804000000	504873.00018406834	Infinity	0.0	504873.00018406834	0.0	2754621.0367148705
09/12/2020	68190.36585518732	Infinity	0.0	68190.36585518732	0.0	1599890400000	514632.88874494506	Infinity	0.0	514632.88874494506	0.0	2621098.836832007
09/13/2020	68034.72503515928	Infinity	0.0	68034.72503515928	0.0	1599976800000	524374.3695814005	Infinity	0.0	524374.3695814005	0.0	2716886.501965367
09/14/2020	67831.80373947958	Infinity	0.0	67831.80373947958	0.0	1600063200000	534093.6160149948	Infinity	0.0	534093.6160149948	0.0	2708178.5324078295
09/15/2020	67599.0556176201	Infinity	0.0	67599.0556176201	0.0	1600149600000	543783.8736920628	Infinity	0.0	543783.8736920628	0.0	2719789.1584845455
09/16/2020	67334.69508619602	Infinity	0.0	67334.69508619602	0.0	1600236000000	553440.8816374372	Infinity	0.0	553440.8816374372	0.0	2760426.3497533016
09/17/2020	67040.54454963632	Infinity	0.0	67040.54454963632	0.0	1600322400000	563060.1237926085	Infinity	0.0	563060.1237926085	0.0	2679151.967215878
09/18/2020	66722.07767339508	Infinity	0.0	66722.07767339508	0.0	1600408800000	572637.3444425561	Infinity	0.0	572637.3444425561	0.0	2754621.0367148705
09/19/2020	66367.4982126171	Infinity	0.0	66367.4982126171	0.0	1600495200000	582169.0698244697	Infinity	0.0	582169.0698244697	0.0	2621098.836832007
09/20/2020	65989.49959108156	Infinity	0.0	65989.49959108156	0.0	1600581600000	591650.1409977006	Infinity	0.0	591650.1409977006	0.0	2716886.501965367
09/21/2020	65570.55405333341	Infinity	0.0	65570.55405333341	0.0	1600668000000	601077.2123678554	Infinity	0.0	601077.2123678554	0.0	2708178.5324078295
09/22/2020	65128.26156441029	Infinity	0.0	65128.26156441029	0.0	1600754400000	610444.4343754741	Infinity	0.0	610444.4343754741	0.0	2719789.1584845455
09/23/2020	64662.18876982866	Infinity	0.0	64662.18876982866	0.0	1600840800000	619748.4717418188	Infinity	0.0	619748.4717418188	0.0	2760426.3497533016
09/24/2020	64175.04844671355	Infinity	0.0	64175.04844671355	0.0	1600927200000	628985.9272803657	Infinity	0.0	628985.9272803657	0.0	2679151.967215878
09/25/2020	63672.71337732131	Infinity	0.0	63672.71337732131	0.0	1601013600000	638153.7913441821	Infinity	0.0	638153.7913441821	0.0	2754621.0367148705
09/26/2020	63144.96894381647	Infinity	0.0	63144.96894381647	0.0	1601100000000	647249.8932552282	Infinity	0.0	647249.8932552282	0.0	2621098.836832007
09/27/2020	62603.91252205479	Infinity	0.0	62603.91252205479	0.0	1601186400000	656270.6031043445	Infinity	0.0	656270.6031043445	0.0	2716886.501965367
09/28/2020	62033.781589418	Infinity	0.0	62033.781589418	0.0	1601272800000	665214.0191789239	Infinity	0.0	665214.0191789239	0.0	2708178.5324078295
09/29/2020	61450.78475327425	Infinity	0.0	61450.78475327425	0.0	1601359200000	674075.9879774121	Infinity	0.0	674075.9879774121	0.0	2719789.1584845455
09/30/2020	60854.51317959634	Infinity	0.0	60854.51317959634	0.0	1601445600000	682854.671513594	Infinity	0.0	682854.671513594	0.0	2760426.3497533016
10/01/2020	60247.295662662975	Infinity	0.0	60247.295662662975	0.0	1601532000000	691548.1733963933	Infinity	0.0	691548.1733963933	0.0	2679151.967215878
10/02/2020	59634.21854393045	Infinity	0.0	59634.21854393045	0.0	1601618400000	700154.9299196312	Infinity	0.0	700154.9299196312	0.0	2754621.0367148705
10/03/2020	59005.70201401349	Infinity	0.0	59005.70201401349	0.0	1601704800000	708674.1039973358	Infinity	0.0	708674.1039973358	0.0	2621098.836832007
10/04/2020	58372.305637281526	Infinity	0.0	58372.305637281526	0.0	1601791200000	717103.4899993377	Infinity	0.0	717103.4899993377	0.0	2716886.501965367
10/05/2020	57719.37816061338	Infinity	0.0	57719.37816061338	0.0	1601877600000	725442.3908046634	Infinity	0.0	725442.3908046634	0.0	2708178.5324078295
10/06/2020	57061.093242135736	Infinity	0.0	57061.093242135736	0.0	1601964000000	733688.0162561798	Infinity	0.0	733688.0162561798	0.0	2719789.1584845455
10/07/2020	56396.63236294544	Infinity	0.0	56396.63236294544	0.0	1602050400000	741839.6010050557	Infinity	0.0	741839.6010050557	0.0	2760426.3497533016
10/08/2020	55727.63675135385	Infinity	0.0	55727.63675135385	0.0	1602136800000	749896.2627711912	Infinity	0.0	749896.2627711912	0.0	2679151.967215878
10/09/2020	55058.22738192957	Infinity	0.0	55058.22738192957	0.0	1602223200000	757857.3537356703	Infinity	0.0	757857.3537356703	0.0	2754621.0367148705
10/10/2020	54379.39565648861	Infinity	0.0	54379.39565648861	0.0	1602309600000	765722.8147902314	Infinity	0.0	765722.8147902314	0.0	2621098.836832007
10/11/2020	53700.195682673104	Infinity	0.0	53700.195682673104	0.0	1602396000000	773491.2998840153	Infinity	0.0	773491.2998840153	0.0	2716886.501965367
10/12/2020	53007.17381870168	Infinity	0.0	53007.17381870168	0.0	1602482400000	781162.7564101118	Infinity	0.0	781162.7564101118	0.0	2708178.5324078295
10/13/2020	52312.657690653316	Infinity	0.0	52312.657690653316	0.0	1602568800000	788735.2098127834	Infinity	0.0	788735.2098127834	0.0	2719789.1584845455
10/14/2020	51615.63117030041	Infinity	0.0	51615.63117030041	0.0	1602655200000	796208.446625734	Infinity	0.0	796208.446625734	0.0	2760426.3497533016
10/15/2020	50917.302911267136	Infinity	0.0	50917.302911267136	0.0	1602741600000	803582.108221491	Infinity	0.0	803582.108221491	0.0	2679151.967215878
10/16/2020	50221.11631205342	Infinity	0.0	50221.11631205342	0.0	1602828000000	810856.0086373863	Infinity	0.0	810856.0086373863	0.0	2754621.0367148705
10/17/2020	49518.89467830974	Infinity	0.0	49518.89467830974	0.0	1602914400000	818030.4538248227	Infinity	0.0	818030.4538248227	0.0	2621098.836832007
10/18/2020	48818.51301627592	Infinity	0.0	48818.51301627592	0.0	1603000800000	825104.5816360099	Infinity	0.0	825104.5816360099	0.0	2716886.501965367
10/19/2020	48107.95837227539	Infinity	0.0	48107.95837227539	0.0	1603087200000	832078.6549240494	Infinity	0.0	832078.6549240494	0.0	2708178.5324078295
10/20/2020	47398.04284888556	Infinity	0.0	47398.04284888556	0.0	1603173600000	838951.2204058028	Infinity	0.0	838951.2204058028	0.0	2719789.1584845455
10/21/2020	46687.818226454445	Infinity	0.0	46687.818226454445	0.0	1603260000000	845722.3693842154	Infinity	0.0	845722.3693842154	0.0	2760426.3497533016
10/22/2020	45978.31964280279	Infinity	0.0	45978.31964280279	0.0	1603346400000	852392.05770228	Infinity	0.0	852392.05770228	0.0	2679151.967215878
10/23/2020	45272.56271990355	Infinity	0.0	45272.56271990355	0.0	1603432800000	858960.3890798237	Infinity	0.0	858960.3890798237	0.0	2754621.0367148705
10/24/2020	44563.38467803068	Infinity	0.0	44563.38467803068	0.0	1603519200000	865427.8980398095	Infinity	0.0	865427.8980398095	0.0	2621098.836832007
10/25/2020	43857.70956338069	Infinity	0.0	43857.70956338069	0.0	1603605600000	871794.0958509569	Infinity	0.0	871794.0958509569	0.0	2716886.501965367
10/26/2020	43145.08439496087	Infinity	0.0	43145.08439496087	0.0	1603692000000	878059.4829314394	Infinity	0.0	878059.4829314394	0.0	2708178.5324078295
10/27/2020	42435.00311749544	Infinity	0.0	42435.00311749544	0.0	1603778400000	884223.066416434	Infinity	0.0	884223.066416434	0.0	2719789.1584845455
10/28/2020	41726.706039350065	Infinity	0.0	41726.706039350065	0.0	1603864800000	890285.2097189333	Infinity	0.0	890285.2097189333	0.0	2760426.3497533016
10/29/2020	41021.163379274076	Infinity	0.0	41021.163379274076	0.0	1603951200000	896246.1677245551	Infinity	0.0	896246.1677245551	0.0	2679151.967215878
10/30/2020	40321.06089061714	Infinity	0.0	40321.06089061714	0.0	1604037600000	902106.3339215937	Infinity	0.0	902106.3339215937	0.0	2754621.0367148705
10/31/2020	39620.2738902446	Infinity	0.0	39620.2738902446	0.0	1604124000000	907866.4854773968	Infinity	0.0	907866.4854773968	0.0	2621098.836832007
11/01/2020	38924.85713778853	Infinity	0.0	38924.85713778853	0.0	1604210400000	913526.524604574	Infinity	0.0	913526.524604574	0.0	2621098.836832007
11/02/2020	38225.87823675409	Infinity	0.0	38225.87823675409	0.0	1604296800000	919087.2184814011	Infinity	0.0	919087.2184814011	0.0	2716886.501965367
11/03/2020	37525.71340892826	Infinity	0.0	37525.71340892826	0.0	1604383200000	924548.0582295088	Infinity	0.0	924548.0582295088	0.0	2708178.5324078295
11/04/2020	36831.92437908618	Infinity	0.0	36831.92437908618	0.0	1604469600000	929908.8744307843	Infinity	0.0	929908.8744307843	0.0	2719789.1584845455
11/05/2020	36143.57314531064	Infinity	0.0	36143.57314531064	0.0	1604556000000	935170.5779135113	Infinity	0.0	935170.5779135113	0.0	2760426.3497533016
11/06/2020	35461.25886305491	Infinity	0.0	35461.25886305491	0.0	1604642400000	940333.945505698	Infinity	0.0	940333.945505698	0.0	2679151.967215878
11/07/2020	34787.069389471806	Infinity	0.0	34787.069389471806	0.0	1604728800000	945399.8396289924	Infinity	0.0	945399.8396289924	0.0	2754621.0367148705
11/08/2020	34115.79651904781	Infinity	0.0	34115.79651904781	0.0	1604815200000	950369.4209703448	Infinity	0.0	950369.4209703448	0.0	2621098.836832007
11/09/2020	33452.39122180694	Infinity	0.0	33452.39122180694	0.0	1604901600000	955243.1061873516	Infinity	0.0	955243.1061873516	0.0	2716886.501965367
11/10/2020	32789.39398514668	Infinity	0.0	32789.39398514668	0.0	1604988000000	960022.0192190384	Infinity	0.0	960022.0192190384	0.0	2708178.5324078295
11/11/2020	32133.576452453453	Infinity	0.0	32133.576452453453	0.0	1605074400000	964706.2183597736	Infinity	0.0	964706.2183597736	0.0	2719789.1584845455
11/12/2020	31484.411943602354	Infinity	0.0	31484.411943602354	0.0	1605160800000	969296.7292815528	Infinity	0.0	969296.7292815528	0.0	2760426.3497533016
11/13/2020	30842.589832668877	Infinity	0.0	30842.589832668877	0.0	1605247200000	973794.5024163531	Infinity	0.0	973794.5024163531	0.0	2679151.967215878
11/14/2020	30209.987578109827	Infinity	0.0	30209.987578109827	0.0	1605333600000	978200.5866781626	Infinity	0.0	978200.5866781626	0.0	2754621.0367148705
11/15/2020	29582.308629070623	Infinity	0.0	29582.308629070623	0.0	1605420000000	982516.2991893213	Infinity	0.0	982516.2991893213	0.0	2621098.836832007
11/16/2020	28963.74425943558	Infinity	0.0	28963.74425943558	0.0	1605506400000	986742.3432791886	Infinity	0.0	986742.3432791886	0.0	2716886.501965367
11/17/2020	28348.069860663443	Infinity	0.0	28348.069860663443	0.0	1605592800000	990880.0210305369	Infinity	0.0	990880.0210305369	0.0	2708178.5324078295
11/18/2020	27740.938940461234	Infinity	0.0	27740.938940461234	0.0	1605679200000	994929.7452963458	Infinity	0.0	994929.7452963458	0.0	2719789.1584845455
11/19/2020	27141.8901945157	Infinity	0.0	27141.8901945157	0.0	1605765600000	998892.7365735548	Infinity	0.0	998892.7365735548	0.0	2760426.3497533016
11/20/2020	26551.462204570325	Infinity	0.0	26551.462204570325	0.0	1605852000000	1002770.1494584852	Infinity	0.0	1002770.1494584852	0.0	2679151.967215878
11/21/2020	25971.168628181324	Infinity	0.0	25971.168628181324	0.0	1605938400000	1006563.2154877094	Infinity	0.0	1006563.2154877094	0.0	2754621.0367148705
11/22/2020	25397.389696323567	Infinity	0.0	25397.389696323567	0.0	1606024800000	1010273.3824345929	Infinity	0.0	1010273.3824345929	0.0	2621098.836832007
11/23/2020	24833.5401788124	Infinity	0.0	24833.5401788124	0.0	1606111200000	1013901.5809626394	Infinity	0.0	1013901.5809626394	0.0	2716886.501965367
11/24/2020	24274.406640637608	Infinity	0.0	24274.406640637608	0.0	1606197600000	1017449.2295596125	Infinity	0.0	1017449.2295596125	0.0	2708178.5324078295
11/25/2020	23724.597983842257	Infinity	0.0	23724.597983842257	0.0	1606284000000	1020917.0019368463	Infinity	0.0	1020917.0019368463	0.0	2719789.1584845455
11/26/2020	23183.665448983094	Infinity	0.0	23183.665448983094	0.0	1606370400000	1024306.2302202524	Infinity	0.0	1024306.2302202524	0.0	2760426.3497533016
11/27/2020	22651.983248203873	Infinity	0.0	22651.983248203873	0.0	1606456800000	1027618.1824272497	Infinity	0.0	1027618.1824272497	0.0	2679151.967215878
11/28/2020	22130.726005287066	Infinity	0.0	22130.726005287066	0.0	1606543200000	1030854.1800341357	Infinity	0.0	1030854.1800341357	0.0	2754621.0367148705
11/29/2020	21616.845230373307	Infinity	0.0	21616.845230373307	0.0	1606629600000	1034015.7123206058	Infinity	0.0	1034015.7123206058	0.0	2621098.836832007
11/30/2020	21113.075328021598	Infinity	0.0	21113.075328021598	0.0	1606716000000	1037103.8330678017	Infinity	0.0	1037103.8330678017	0.0	2716886.501965367
12/01/2020	20615.068246105748	Infinity	0.0	20615.068246105748	0.0	1606802400000	1040119.9866860906	Infinity	0.0	1040119.9866860906	0.0	2708178.5324078295
12/02/2020	20126.534551678338	Infinity	0.0	20126.534551678338	0.0	1606888800000	1043064.9964355344	Infinity	0.0	1043064.9964355344	0.0	2719789.1584845455
12/03/2020	19647.03855646389	Infinity	0.0	19647.03855646389	0.0	1606975200000	1045940.2156572028	Infinity	0.0	1045940.2156572028	0.0	2760426.3497533016
12/04/2020	19176.819337865094	Infinity	0.0	19176.819337865094	0.0	1607061600000	1048746.935450983	Infinity	0.0	1048746.935450983	0.0	2679151.967215878
12/05/2020	18716.77082656899	Infinity	0.0	18716.77082656899	0.0	1607148000000	1051486.4810706787	Infinity	0.0	1051486.4810706787	0.0	2754621.0367148705
12/06/2020	18264.338037504956	Infinity	0.0	18264.338037504956	0.0	1607234400000	1054160.3054744736	Infinity	0.0	1054160.3054744736	0.0	2621098.836832007
12/07/2020	17821.69009064708	Infinity	0.0	17821.69009064708	0.0	1607320800000	1056769.4966226888	Infinity	0.0	1056769.4966226888	0.0	2716886.501965367
12/08/2020	17385.219708574612	Infinity	0.0	17385.219708574612	0.0	1607407200000	1059315.4523499236	Infinity	0.0	1059315.4523499236	0.0	2708178.5324078295
12/09/2020	16957.892687020118	Infinity	0.0	16957.892687020118	0.0	1607493600000	1061799.0551654338	Infinity	0.0	1061799.0551654338	0.0	2719789.1584845455
12/10/2020	16539.296615308656	Infinity	0.0	16539.296615308656	0.0	1607580000000	1064221.6112635806	Infinity	0.0	1064221.6112635806	0.0	2760426.3497533016
12/11/2020	16129.570159977584	Infinity	0.0	16129.570159977584	0.0	1607666400000	1066584.36792291	Infinity	0.0	1066584.36792291	0.0	2679151.967215878
12/12/2020	15729.385995665041	Infinity	0.0	15729.385995665041	0.0	1607752800000	1068888.5922314785	Infinity	0.0	1068888.5922314785	0.0	2754621.0367148705
12/13/2020	15336.61393501268	Infinity	0.0	15336.61393501268	0.0	1607839200000	1071135.6473737163	Infinity	0.0	1071135.6473737163	0.0	2621098.836832007
12/14/2020	14952.965823984961	Infinity	0.0	14952.965823984961	0.0	1607925600000	1073326.5922215753	Infinity	0.0	1073326.5922215753	0.0	2716886.501965367
12/15/2020	14575.462566207858	Infinity	0.0	14575.462566207858	0.0	1608012000000	1075462.7301964303	Infinity	0.0	1075462.7301964303	0.0	2708178.5324078295
12/16/2020	14206.464990717788	Infinity	0.0	14206.464990717788	0.0	1608098400000	1077544.93913446	Infinity	0.0	1077544.93913446	0.0	2719789.1584845455
12/17/2020	13845.592659938166	Infinity	0.0	13845.592659938166	0.0	1608184800000	1079574.4341331345	Infinity	0.0	1079574.4341331345	0.0	2760426.3497533016
12/18/2020	13492.913821126553	Infinity	0.0	13492.913821126553	0.0	1608271200000	1081552.375941697	Infinity	0.0	1081552.375941697	0.0	2679151.967215878
12/19/2020	13148.931108152332	Infinity	0.0	13148.931108152332	0.0	1608357600000	1083479.935059	Infinity	0.0	1083479.935059	0.0	2754621.0367148705
12/20/2020	12811.876359216023	Infinity	0.0	12811.876359216023	0.0	1608444000000	1085358.3537887367	Infinity	0.0	1085358.3537887367	0.0	2621098.836832007
12/21/2020	12483.09708036215	Infinity	0.0	12483.09708036215	0.0	1608530400000	1087188.6218400528	Infinity	0.0	1087188.6218400528	0.0	2716886.501965367
12/22/2020	12160.1414870592	Infinity	0.0	12160.1414870592	0.0	1608616800000	1088971.9214229619	Infinity	0.0	1088971.9214229619	0.0	2708178.5324078295
12/23/2020	11844.885043605242	Infinity	0.0	11844.885043605242	0.0	1608703200000	1090709.0844925416	Infinity	0.0	1090709.0844925416	0.0	2719789.1584845455
12/24/2020	11536.984290757571	Infinity	0.0	11536.984290757571	0.0	1608789600000	1092401.2109273425	Infinity	0.0	1092401.2109273425	0.0	2760426.3497533016
12/25/2020	11236.460354323468	Infinity	0.0	11236.460354323468	0.0	1608876000000	1094049.3515403077	Infinity	0.0	1094049.3515403077	0.0	2679151.967215878
12/26/2020	10943.687169918987	Infinity	0.0	10943.687169918987	0.0	1608962400000	1095654.5601623545	Infinity	0.0	1095654.5601623545	0.0	2754621.0367148705
12/27/2020	10657.202136169777	Infinity	0.0	10657.202136169777	0.0	1609048800000	1097217.9440437704	Infinity	0.0	1097217.9440437704	0.0	2621098.836832007
12/28/2020	10378.065150680122	Infinity	0.0	10378.065150680122	0.0	1609135200000	1098740.4014917957	Infinity	0.0	1098740.4014917957	0.0	2716886.501965367
12/29/2020	10104.26340627679	Infinity	0.0	10104.26340627679	0.0	1609221600000	1100222.982227607	Infinity	0.0	1100222.982227607	0.0	2708178.5324078295
12/30/2020	9837.28601359967	Infinity	0.0	9837.28601359967	0.0	1609308000000	1101666.448428503	Infinity	0.0	1101666.448428503	0.0	2719789.1584845455
12/31/2020	9576.828267524203	Infinity	0.0	9576.828267524203	0.0	1609394400000	1103071.775001875	Infinity	0.0	1103071.775001875	0.0	2760426.3497533016
