0.15	0.08059999999999999	0.5	false	80
1.505363765349025	1.0699526783590465	1.1282375950377652	1.0	1.2274533785502237	1.0	8.441301490143022	9.889028103544694	2.086969483496921	1.0	1.0	1.9932212290364404	0.0	0.0	0.0	0.0	0.09213126342994564	0.06775718319756996	0.0	11.632164553872848
1.0	1.0	2.8487124562478208	3.702713947286347	2.163882055000982	3.8599336545755882	2.420519892904368	1.2710994646103853	1.088890511862404	1.0	1.0	1.3864564879977126	0.0	0.0	0.0	0.10774166435441719	0.165492489368742	0.022062030676486384	0.03245173187654948	94.68749578447594
2.0204672092480553	3.7177008028591336	2.3262291605136833	3.682628077362282	3.297918667592642	1.5384012759032961	3.1701752424794	1.0	1.0	2.2284676473428524	1.006758993862397	2.385632918929001	0.0	0.0	0.0	0.39227639512649876	0.07570584182072436	0.058475776374129436	0.0	3.9084323275924002
1.0	3.4391287456506334	2.9284724801402713	1.6208452855819147	1.0	2.3638645456936858	7.8986206040437565	8.02777232299309	1.0	1.0	1.000000001339955	1.4019304357479372	0.0	0.0	0.0	0.2518109135754795	0.0	0.1475325923573332	0.006058575242530921	1.499150921397054
1.0	3.947371783514584	1.0	2.42901959230484	3.940784484920466	2.431038460145644	1.092412555569069	1.0	1.0	2.199025961429401	1.6951305641811867	1.110821052358265	0.0	0.0	0.0	0.057925906542682815	0.17698440579793553	0.0	5.755120058321524E-4	44.00862500410373
1.321069301991078	1.0	3.4588617894316274	3.9081228220784174	1.0930777643689518	2.5243990953347586	2.742024095422763	2.109717252930265	2.5401733414399406	1.0	1.0	2.2770040650614503	0.0	0.0	0.0	0.15192685921130294	0.15721726738281855	0.1658265429056161	0.0	0.9298253734716917
2.4540788119489263	1.0	1.710448236408249	1.1943893827751313	1.6173384771608248	1.1875037526421706	3.0394105346586495	2.833736551193801	1.6771348112507545	1.0	1.0	1.0245338394917305	0.0	0.0	0.0	0.21512207930838828	0.08830511925684577	0.017266557173422195	0.35427355692982193	11.369783278019433
3.3295676405019385	2.485899688726591	3.3935536887107376	1.4772366904515848	2.0240731332128097	3.679859791149798	4.91078788060647	3.9625355443682797	1.5626642579625758	1.0	1.0	2.784378323893743	0.0	0.0	0.0	0.0	0.0	0.0	0.0	0.0
3.25774029549395	1.0	3.194888837680806	1.570828183940999	2.107017742109897	2.8902012440042943	1.7421471658425778	1.0	2.6226573969351223	1.5772649882525935	1.4147830004192334	2.6692258381620073	0.0	0.0	0.0	0.0	0.0	0.0	0.0	30.365402215720696
3.2462955447863795	1.9008016353062027	3.1733099917896608	2.7060980191435626	1.44031812082219	2.1936733947083855	3.0281440382310505	1.0731314793112479	1.0	1.0	1.031973998503175	2.8554347622095353	0.0	0.0	0.0	0.1563754753705653	0.18810013998347277	0.060686621746143025	0.0	21.36585295270344
1.0	3.2876459281776444	1.0	3.3202167274211094	3.0542117418904975	1.6305391002018583	1.4255516662553724	1.0	2.462524970119404	1.576969000183427	1.8685907298231423	2.6945995508468465	0.0	0.0	0.0	0.0	0.0	3.718987791337195E-11	0.0	3.2116701241226155
3.5023451363565083	2.359312322358616	2.417619418232284	1.6556312987382662	3.625758491161686	2.5262495945814907	2.8840322351343963	1.8546583301204327	1.0	1.4991172315192427	2.712393619088333	2.732283876386544	0.0	0.0	0.0	0.06647294041160892	0.29040532280485	0.0	0.4436504401576965	6.814427447085657
3.390161078271887	3.6770597601760717	1.0	3.6409682819648475	3.837574289256318	3.8838568184982	2.023313039660119	2.0171322820128395	1.0000000010139922	1.0	1.0788102118414782	1.579050863293125	0.0	0.0	0.0	0.10787747968750763	0.24122419718823956	0.05463536183930967	0.06610286989550442	0.0
2.3586005225792146	2.6471222911624546	1.0	3.8112488139936262	1.0	1.0457746998623136	1.67195054414442	1.0	1.1119709716127315	1.0	1.0236394315535504	2.6589975762802727	0.0	0.0	0.0	0.11243439713043094	0.0	0.098331762754649	0.0	96.27275636818325
3.5126433384275457	3.8528748843274943	2.097234885422929	3.9350153928957603	3.5899706242799003	1.0	8.3976263141263	1.441258683562599	1.5135299452027164	1.3261123197365545	1.0	2.253579611387897	0.0	0.0	0.0	0.0	0.0	4.2315482450238946E-12	4.097806526681403E-13	9.34802154507809
2.8578141275868094	1.6032500393149176	2.5593604088861794	3.5511311889518966	1.0	2.0979888541401186	1.0	2.964435833176639	1.6568735351892434	2.8960912072291825	1.0	2.963589076934988	0.0	0.0	0.0	1.302190105543225E-4	5.85829418701146E-4	0.7687288210811158	0.27327460958275107	0.04927883016816051
2.709144306145464	1.0	3.8277510545280595	2.7781660980854896	3.197184361865034	3.950060843629165	2.0806524994803697	1.0	1.3038416937872617	2.529498760459285	1.0000000000097693	1.7297289545159675	0.0	0.0	0.0	0.15058420012161924	0.06596218582002489	0.15355461406299023	0.0075015030339162245	0.0
2.2866917899291916	2.5784964322205064	1.0	1.0	2.2332247337308253	1.960386229527582	10.0	2.541666277624601	2.2188566325401022	1.0	2.370921147757419	2.8823021832720936	0.0	0.0	0.0	0.0	0.0	0.0	0.0	130.19300935010844
1.0	1.0	3.4651548468877795	2.7969538998473666	1.0	1.0437260603134104	1.7281895691245603	1.3145988170798741	1.0383791198020615	1.0530840261989787	1.0	2.333115452954712	0.0	0.0	0.0	0.06540769701468079	0.28697201661420757	0.014920621642030053	0.16810202296193327	103.5557166701115
1.0	2.023048945701807	1.0	3.28258706292866	1.0	4.304760710688955	9.999999999833657	4.60392943311539	1.0	1.0	1.0	2.977772539584164	0.0	0.0	0.0	0.0	0.0	0.0	0.0	82.88515501448809
1.0	1.0	2.5810609947829874	1.0	1.7523491197403875	3.4895357054874157	3.1724964829616393	1.0677221843364455	1.6849027791074678	1.0	1.5527423509320066	1.6441123503538708	0.0	0.0	0.0	0.2546667414770934	0.18727431438470551	0.03737086324821206	0.033889175808266385	3.639831323587464
2.267615242829966	1.0	3.119351125859336	1.0	1.7996324461026387	1.047581909676951	3.3619607674221155	1.6493571549390749	2.8625467905285427	1.0	1.0000000004594998	2.5026238701483066	0.0	0.0	0.0	0.11781809062908653	0.08779949987154535	0.16481164092929934	0.008486412979609467	0.5576063546718021
3.4926220791416447	1.0	2.9170508438606073	2.352762451338556	1.0	2.2305302195132826	1.24026083767837	1.0	1.0	1.0455700809760102	1.0	2.7472488380195457	0.0	0.0	0.0	0.06702921213735318	0.0	0.19415899543409973	0.025056459175723265	0.09528535413833011
1.0	1.0	2.4785633306889143	1.8143014712535908	2.0673905349676622	2.8324075515829703	2.017293015289946	2.0306455442840075	1.1152198106471944	1.0	1.0	1.560060814211627	0.0	0.0	0.0	0.0	0.14879705221180622	0.18512133429931996	0.010967691405288903	0.0
1.8506937985832561	2.6859726804856914	3.219500143317327	1.0415468883745773	1.760427546861961	2.1016990732619134	2.0002538280925135	2.6396157903650574	1.3189950651963325	1.0	1.000000000006074	2.890887489125743	0.0	0.0	0.0	0.0	0.16343657595249844	0.10060990853368006	0.01621523621809414	0.48460461095232493
2.663966717069762	3.433626063286998	3.225647654040335	1.4086563513848587	1.0	2.63217941984486	1.4870143162882732	1.0	1.5987945553601242	1.0	1.0	2.413021485970596	0.0	0.0	0.0	0.1266107056414493	0.12571279091443927	0.12878908245525716	0.0	0.710992820050143
1.4431554162343936	1.5248594796089634	1.0	3.5586553734063275	2.420080354418629	1.2625293175524868	2.299669729990165	1.766117808326062	1.1332068694605029	1.0	1.3622956432740776	1.1587425352645608	0.0	0.0	0.0	0.06984075849906657	0.11554304383784146	0.032857149866657546	0.008105473338881421	1849.8704316115898
3.0936181439863066	3.1060939244731443	1.8850845305223074	1.0	1.0	2.0736930079070115	3.441274496233183	2.3910367325044035	2.6717187289320505	2.4010729711828778	1.0	2.793452361174893	0.0	0.0	0.0	0.0	0.09199348593614068	0.2774459150756024	0.20271126377688936	0.0
1.1942976233639846	1.9507403844575988	3.6599396087701157	3.8830456935603843	1.0	3.6442918860827667	2.3232544356242393	1.7988031251960368	3.1762337569539154	1.0	1.0	2.2548017546036627	0.0	0.0	0.0	0.04534480933455404	0.20596564971795653	0.14283892540150359	0.0	0.6062682432368887
2.121729731420163	3.690042494003379	1.5735528838306188	2.8158380842469826	3.1261125017347906	3.0599963057119317	4.649026165019804	2.2814124238722004	1.0	1.0118304305537134	1.0	2.5632673245765054	0.0	0.0	0.0	0.0	0.17538133784438945	0.08527061392031678	0.0877181438600051	8.532483704442166
3.860730163850731	2.045693855001087	2.9760479777594906	2.7168791919482245	2.7403054195305008	1.0385568569508319	1.098150638931132	1.0	1.0	1.382422935254845	2.6029575074225044	2.003213615881995	0.0	0.0	0.0	0.062234462989022604	0.12453167579364084	0.0	0.0	12.601445941353392
2.4281544258428323	3.8978467875091933	1.0	1.0	2.846785014359637	1.747197365203851	3.4163141938617843	1.0	1.1359780475029977	2.591589894535557	1.0	1.5785541206045832	0.0	0.0	0.0	0.22224202079341482	0.0	0.049839893598570766	0.023856590542450443	13.182682529546467
1.0	3.6197880052022815	2.8272315402421495	3.3953295036588362	3.2379479049499893	3.852516757100578	2.400361936004891	1.1098516634716367	1.0	1.7366020661192139	2.1036814427782993	2.6647033266809115	0.0	0.0	0.0	0.09302009571269645	0.1088271021215296	0.0	0.0	3.3776558962555336
1.0	1.3332110558150507	2.52650276000087	3.2092822172116446	1.81839438347646	1.821679246901438	1.3114621258896746	1.0	1.0	1.6135617089156715	2.03044362179005	1.108590026585671	0.0	0.0	0.0	0.7370272430964534	0.05447380737239963	3.6935339380286976E-4	0.2702066645455333	17.64084199153812
3.5284346371972823	1.0	1.0	3.3278856604812437	3.5133677000251176	2.263748164472252	1.0	1.7306104338352641	2.311124102869618	1.8716289353824265	1.9090018474948236	2.671079266288893	0.0	0.0	0.0	3.043338671376145E-10	0.0	0.0	0.0	1.4839041549681236
3.2931093557705062	1.0	1.2196062878617417	3.5290945549761337	1.0	2.809089116722996	1.0270823033281526	2.388842454469406	1.1750620091661672	1.0	2.5637285135398145	1.6612301250002661	0.0	0.0	0.0	0.0	0.27486334278830443	0.02870299180671827	0.0	0.0
3.1182993093556712	2.938883643337426	1.3022809688528656	1.6742748719262144	2.3469295540258273	1.8694711215194708	8.161255485427219	1.9533376554974364	1.0	1.0	1.0	1.8793930492656599	0.0	0.0	0.0	0.211666060704278	0.05305817852348864	0.0	0.6539976644334737	0.6127127851699136
1.0	2.0652044464592993	2.2176637265069745	1.0	2.233818076443108	3.5406691935857473	1.0	6.206781026667849	5.430233355205756	1.3519699141835784	1.0	2.566229591763973	0.0	0.0	0.0	0.09103844409239084	0.14104025187291735	0.0	0.0024924083660070985	1.7458384519780306
1.0	2.796985894718715	1.4922582949287944	1.0	1.0	1.0	1.0	1.5263863027672175	2.422287896484513	2.5442045066467687	1.6157581344721192	1.947315132157556	0.0	0.0	0.0	0.0	0.0	0.0	0.0	0.0
1.7344471220915052	1.9151597172292232	2.2449030123533373	2.948560602482979	1.0	3.3142313449946434	2.367836353038414	1.0	1.0	1.0	1.0	1.1680633323207223	0.0	0.0	0.0	0.04610038363622195	0.0	0.21626698066320668	0.11551526892963992	0.0
1.0	1.9506786564478102	3.360741510522549	1.3215197230864142	2.0504534331178026	3.867724822947449	3.815696562840178	1.0	1.7001200379087138	1.0	1.0	1.931289075359538	0.0	0.0	0.0	0.0	0.07113476375303773	0.05995478253329967	0.0	0.3129982696508723
1.8262024322291914	1.3148191903891537	1.0	2.471004314491548	1.0	1.0007065733062588	1.0052526366866825	1.7248581661726052	1.0892309754891452	1.0	1.0	1.9798051722978596	0.0	0.0	0.0	0.005442849849154674	0.12980295364346595	0.39188573014527617	0.03150520190381792	10.150154883377411
1.0	1.3799889794963458	1.0	3.123489184488392	1.4787653487622126	3.581458831788239	3.7239641684509626	1.807848550569368	1.000000000000792	1.0	1.0000192698720696	1.709026119255912	0.0	0.0	0.0	0.047852895812212415	0.18744739062982324	0.09065551571833506	0.16625379331287973	1.0884244661145843
3.678870374430563	3.7665314912403796	1.0	3.0249773045659105	1.0	3.895339633940988	1.2548257882358878	1.542140066624446	1.0	1.1632615393771781	2.0616719063119326	2.649629204353682	0.0	0.0	0.0	0.13728408182218052	0.11250427001149325	0.0	0.0	0.5780204141967634
1.0	2.1886779307352637	2.402337224758687	2.5856982926104006	1.3183466367302072	1.5138289164632823	4.335547869087707	1.0	1.53517777389393	1.0	2.0874900508026104	2.3279037677804455	0.0	0.0	0.0	0.21640758579987554	0.021136625582530287	0.060606364368523534	0.0	3.6324231600856547
2.056479241709908	2.93545121309366	2.779677842747944	1.0	1.0	1.004101217947635	1.0959124426264133	1.0	1.8884160262703433	2.6903905827658074	2.5520270884984675	2.0914952744498096	0.0	0.0	0.0	0.20440122267839506	0.0	0.012522164101745949	0.0025956711533506953	20.724706028389324
1.264501767681021	1.0	2.833875827840637	2.1883200033518033	1.0	3.242019236469382	3.702692430139651	1.0	1.0	1.195492884732356	2.4755971986527805	2.880829546789667	0.0	0.0	0.0	0.10207303172486372	0.12076056294439892	0.0	0.24317417802816904	8.912436875014254
1.0	1.1233740883177297	1.2566387624879058	3.226147188513486	2.854562729681204	1.0	3.810480352954774	1.2380608995328353	1.0245453107209506	1.0	1.0	2.631582207556762	0.0	0.0	0.0	0.15447728359588644	0.2685542897235199	0.0476889053612764	0.07799870300261309	1.1043253133165103
3.1923672494023405	3.1368343249556907	3.7708083942722843	2.519301717222977	3.3989408611495806	1.0	3.1248621166425488	1.0	1.0	1.0003246702668185	1.4393216895637615	2.011133496279533	0.0	0.0	0.0	0.13460332535322678	0.24252965299110812	0.013301963453439463	0.0	4.48409295850334
1.0	2.16859726408586	1.758314617585191	1.0	1.0	1.0009207609313213	1.648561427649867	1.3091521235388404	2.0860999454961333	1.0	1.20295071064409	2.522030115275201	0.0	0.0	0.0	0.10235895994386315	0.32526746561669656	0.18892376355344506	0.00821521409051677	8.622851972258541
1.321490706407019	2.429631220216111	1.2057300620016536	3.2801215317979264	3.0484017588616137	3.555196074624145	2.135736352261091	1.0	1.0971921914774692	1.3885014777601872	1.0982861000236768	2.6480512045892124	0.0	0.0	0.0	0.28671188616422294	0.0	0.07127000843031286	0.06940034742420771	2.590658700175777
1.5719959464246918	3.724930098423178	3.3879564972906735	1.154754266815155	2.1236816294876197	1.9545270417433087	1.0523243021008977	1.611758256096209	1.0	1.0	1.8260684047595834	1.6735549532475424	0.0	0.0	0.0	0.11490223440808893	0.2882591422671059	0.0	0.0	2.591849552245504
2.027228638226238	1.0	2.964483102970461	2.1511635315788014	2.4925338542592725	3.311598170937828	2.518835834702195	1.0	2.1102466089285876	1.7314209154208362	1.7396599159093784	1.0743604816861636	0.0	0.0	0.0	0.47269587552029624	0.0	0.0	1.7715867815849026E-4	216.29
1.0	2.8729804302214372	1.0415598724134636	1.835173566534242	2.4920268540694073	2.920911009239631	1.0	1.0706111559149045	1.989938722323513	1.0361769001224332	1.0	1.9584974308016014	0.0	0.0	0.0	0.04780328533455314	0.0	0.19016801786079243	0.01057713512113578	7.612030416655563
1.0	1.0	2.2575373989348493	1.2198379145799159	3.1617269755451463	3.666009125718121	2.754367952167028	1.579105938052308	1.0	1.0	1.0	1.9277334647750946	0.0	0.0	0.0	0.017041671432498576	0.0	0.20413813837935404	0.0410642144223773	209.00030789177669
3.596764379567014	2.0168411129751767	1.0	2.795067167588966	2.950832180417756	1.5555048680335237	6.9968150403597225	2.023218612491059	1.0	1.0	1.0066054496678476	1.935869336392859	0.0	0.0	0.0	0.013629338635616642	0.10436087328291782	0.03169388189410584	0.0	41.09285724441401
2.7227780225320126	1.9686133892248248	1.237473628848687	3.6745695048635296	2.0654767121590654	1.0	2.6322717392773876	1.5043022606710106	1.308913690092792	1.0	1.0	1.2373674172377584	0.0	0.0	0.0	0.0036763973266608616	0.20270897722088677	0.21155421942461822	0.0	4.805253720410069
1.0	3.019301736103644	2.6565208491026167	1.0	1.0	1.0310781140640797	1.489398199692479	1.0	1.5219690251936473	2.8076696736935345	2.4930677350783954	2.3499593663858547	0.0	0.0	0.0	0.05015206074494508	0.0	0.004436568284265942	3.102629214173324E-4	58.100690593275175
3.6014613464514	3.8590984640399433	1.0	1.0	1.0	2.7912219865741252	8.098788876852929	1.808834071295965	1.0	1.0	1.0	2.097456088651977	0.0	0.0	0.0	0.0	0.05550804499916529	0.026107611378987917	4.899128230948048E-4	12.136851617356955
1.0611742253371235	2.5287112474844053	1.829544915002935	2.2752691902858597	3.803361708164305	1.508328635046772	1.6180851175132231	1.0	2.0196675488978575	2.9659924900506676	2.4557386356069526	1.254060671375094	0.0	0.0	0.0	0.10708736637646564	0.0	0.0068934087620670485	0.0016308814555784795	28.520681257530466
1.729865303355694	3.4274845309364443	1.0	3.6509935756571053	2.8048856814853345	1.9640906981000903	1.0	1.0	1.0	1.0	1.7697452285221968	2.079064494565493	0.0	0.0	0.0	0.2517541651462153	0.16096191328080453	0.01902245742370716	0.0	0.8406225267654674
3.349741301380295	2.4506154175863863	1.0	1.4089719806055379	2.108095342843478	1.0308759212307956	1.6470101084038906	1.3069060447997685	1.203180479521842	1.0	1.0934786304665396	2.110883384777719	0.0	0.0	0.0	0.13326872526202246	0.26052060497558194	0.036327722264608744	0.04056987310835935	151.02086714127358
1.9638439792906937	3.2414237627846467	1.0	1.0	1.0165688038884153	1.8610577146142142	3.1053145654251475	3.8212554196852357	1.0	1.0	1.3081024127878895	1.981969624522973	0.0	0.0	0.0	0.0	9.644348844232E-10	1.6397112097203566E-10	0.0	4.9082651745552335
1.4678605829450193	2.51729536546774	1.0053726751932657	1.1454116209849072	1.0	1.8548955902282702	2.2603205190070663	1.0	1.8673771713372538	1.0	1.1147142393814529	2.7212139753692965	0.0	0.0	0.0	0.06661494297636565	0.03489249638844791	0.3253418067091198	0.027100265741693046	0.0
2.2248356157834555	2.0255740882780375	1.0	1.0	2.213978914466589	1.0222290774135807	1.287902949932021	2.2934797888978657	2.785834590487427	1.3003322797978594	1.0	2.02802905785326	0.0	0.0	0.0	0.14012760941930344	0.0	0.2605779385584383	0.08058712811944019	0.3748512523671706
2.8019862841119254	2.908330580386812	1.3937265589608567	1.0	3.031158076642756	3.54286971679864	2.6652204724408715	1.1741345148719873	1.0	1.092354909987138	1.0	1.3323843755705895	0.0	0.0	0.0	0.08468291817075549	0.31356432007346546	0.04943459951760666	0.11084033690683223	38.799686207990796
1.830234396577565	3.1025975827805277	1.0	1.711338353198121	2.417262265696529	2.6295871967297777	3.869250007673762	1.0	1.6162425054510186	2.5160822432159407	1.1369436161586541	2.097641083499955	0.0	0.0	0.0	0.030677963098651673	0.0	0.0020902270346160076	4.7995028919308114E-4	25.603872412749926
1.5534681714135825	1.875312987117142	1.0	1.1709934365233328	1.0	1.0666756384086133	1.4710923963637534	2.214448249989741	2.7860239544843006	1.0	1.0	2.778112950674083	0.0	0.0	0.0	0.014754559079716097	0.12550864304213336	0.26062953322753063	0.0	0.033338299301000705
2.825960015789679	1.689871029293367	3.972844093910001	1.0	3.8480385641445847	3.818002560813881	1.9960277436504428	1.0	2.263449555656029	1.9387316514160446	1.0	1.1108575136408794	0.0	0.0	0.0	0.0	0.0	0.0	0.0	7.30490682237584
3.132766511755786	2.323836472191411	1.0	2.742441419435079	2.2880825091353065	3.193168966412192	1.4406209587799663	1.0085302209894895	1.0	1.0742676182293667	1.0345466577666633	2.001280245916969	0.0	0.0	0.0	0.10006273088126016	0.27498792945480216	0.028037997895223245	0.04298025520049067	15.513711312162773
1.0	1.5050350113681525	1.0	2.556467188269944	1.3858712772463049	3.98995002037349	2.8244797362111274	1.0	1.0	1.0	2.33431458150677	1.1547124744551343	0.0	0.0	0.0	0.321872180623826	0.13724065041310132	0.01837953039919653	0.07858489886033389	16.94604085148151
1.0	2.305886303200384	3.1780576114507415	1.0	1.0	1.0	1.0369457719246171	3.0219236763909407	1.0	1.030113074959559	1.0	2.811201502083553	0.0	0.0	0.0	0.13358403035116237	0.2643428911741854	0.05364880624305305	0.13578431965060273	1.3548520485690703
1.4504913805807238	1.0	2.136770141209899	1.1518729862790296	2.1909977727261682	1.0000336314111355	3.7211954023224862	1.0	1.0	1.0696380854365282	2.825651136610982	2.458329898602888	0.0	0.0	0.0	0.11018590580788784	0.10727942826156336	0.0	2.8257640298941307E-5	511.78979355827386
3.741310490812194	1.3757541398716189	1.1324276110546734	2.2116235339799606	3.938840435609889	1.0129204270869483	3.0166049754274726	1.5619360589193203	1.0	1.3532709984701128	1.1715802717385941	2.2269592490728245	0.0	0.0	0.0	0.1294098288193993	0.19597176823174772	0.0	0.0015611788071468265	22.98756501162943
1.0	3.6110741820559173	2.5321262293758924	3.4100709926791883	3.321444622441186	1.0	1.2775443984391481	1.4698493387075389	1.3652164594624028	1.0	1.0	1.8173712593407547	0.0	0.0	0.0	0.46615537975299387	0.11350756590993277	0.04966436039919154	0.20981017425611698	0.1142958692604733
3.3250964295561296	3.762603814112055	1.527995883312263	1.0	1.0	3.2247658337250624	1.1114386004742682	1.5709382515818058	1.0	2.0727054550699258	2.935839124001735	1.2583574465735043	0.0	0.0	0.0	0.11587352714950061	0.19031732969058754	0.0	0.0	0.0
1.0	3.6747194218039403	3.372953359683009	2.924602751977037	1.172652106031026	1.0003774758204214	1.462239092282538	1.1948129895798825	2.1384621601392104	1.0	2.7503217618381277	1.5693870605994493	0.0	0.0	0.0	0.0	0.5843915971627858	0.025553475128736857	0.006194806522318047	16.856644790557564
1.0	1.0	1.5345206174198633	2.5062723463256633	1.2967916818636254	1.665369881333603	2.563377959372865	1.8836367803641316	2.8156125349789	1.0	1.0	1.476060496183472	0.0	0.0	0.0	0.0	8.144390588865412E-10	3.1986320822986363E-10	4.750312202165386E-12	0.0
2.909824237292182	1.0	1.4177070897646313	1.6650144776212397	3.5677341700303136	3.3233499952505294	7.761084525017614	5.232102008898339	1.9719142902409632	1.9375694607804534	1.0	2.7216339656732744	0.0	0.0	0.0	0.005635773119263614	0.0	0.1130620034231261	0.014380200862306866	29.788782923666197
2.0671751217287677	1.0	1.0	1.0	2.0223663500161244	2.1373977615823057	1.0	1.0	1.6569058614250032	1.0	1.3920508657347603	1.2224791752611803	0.0	0.0	0.0	0.3804406379126978	0.14632874191544393	0.02596359681084524	0.0	0.6154043355023061
2.060403641803183	3.8214596710970477	1.0	1.0	1.0	1.6520000199992624	3.933986564648196	1.0832047854441946	1.0	2.066460409688322	1.0	2.3329201102726573	0.0	0.0	0.0	0.3597118622871253	0.13475726754040118	0.03972172469656475	0.17548629037765978	1.83247665794281
2.6054669629469274	1.0	2.1105745215584615	1.0	3.559177956120798	3.7784699588430875	4.3987724340304	2.3186763706387588	1.0	1.0	1.0	1.8149663251076342	0.0	0.0	0.0	0.0	0.1655616925781764	0.045943657920175233	0.05004008980985093	115.33720042812256
1.312434851542156	1.0	1.1264675951232426	3.357191394393292	1.1413444933932722	3.119659672524612	3.2643029579910423	1.8498571276289626	1.2027848361742417	1.0	1.0000000000156355	1.7510417193856633	0.0	0.0	0.0	0.16284989358070395	0.1533714490910334	0.04946501665498191	0.41395496303525053	0.0
2.0722149374748966	1.0	1.0	3.431280573469513	1.0	3.0432054780776445	1.9012422173818317	2.5410627671252923	1.5740364212887255	2.9185045837566665	1.0	2.5928844480746713	0.0	0.0	0.0	0.0	0.0	4.5358688410418215E-11	9.648331159831631E-12	0.0
3.0574494113071307	1.6215992897493603	2.119503403214835	3.417185050693906	2.588189973068346	4.086136968208374	1.0	2.516248474554326	1.4740284179054726	1.9325391836445243	1.030098045174306	2.807372456112626	0.0	0.0	0.0	0.0	0.0	0.0	0.0	0.0
1.9749101775230944	1.484429294207911	2.959770692827237	1.0	2.5782405584516837	4.044175511941122	3.2482817284458605	1.6519395142467892	1.2328136866404458	1.0	1.353478101891201	2.160107733273735	0.0	0.0	0.0	0.011901884819886521	0.22496974703415257	0.035503372100642326	0.004090468595465715	57.13878825422146
1.648128285091727	3.1198317068288355	1.0	1.0	3.100506951321895	2.6005621428224193	2.3126426780023634	1.559831890482423	2.510111356612334	2.826281123630431	1.0	1.5701689050418677	0.0	0.0	0.0	0.0	0.15073464759451427	0.16527933369843864	0.14036323703185247	0.0
