time	total error	% error	count	predicted	reported*lambda	long time	total error	% error	count R	predicted R	 reported R*lambda	trips
03/22/2020	0.0	0.0	166.0	419.36003597398894	419.36003597398894	1584856800000	2.0198035165807915	201.98035165807914	1.0	0.0	2.0198035165807915	2143175.4666666654
03/23/2020	199.26632528783415	85.89065745165266	232.0	588.1445822452774	567.2219446554172	1584943200000	57.888773051131935	5788.877305113194	1.0	59.90857656771273	2.0198035165807915	2048541.7447619182
03/24/2020	253.8022616221593	97.61625447006128	260.0	698.6159781499802	495.07226964354317	1585029600000	141.99346724488262	14199.346724488263	1.0	143.9292311741809	1.9357639292982605	1939991.2990476342
03/25/2020	395.4656162110022	198.02985288482833	199.70000000000002	765.2799799789682	400.2515399223718	1585116000000	362.31845280711906	296.98233836649104	121.99999999999999	243.73151376703518	304.2868439983394	2059675.1238095192
03/26/2020	265.6249268580865	77.66810726844635	342.0	799.3123377793678	696.1922439033078	1585202400000	349.18569733400557	17459.28486670028	2.0	353.0572251926021	3.871527858596521	2017768.0169176504
03/27/2020	364.7718020841514	140.73529151747806	259.19	809.464051458328	542.5033246655156	1585288800000	452.8507601333433	254.40911013609096	178.001	467.24470201822595	348.39548881988406	1247032.5941465271
03/28/2020	415.1785208185086	175.86661606929155	236.07580000000002	819.2260371809261	508.7790767160373	1585375200000	408.289680391113	185.58604964500623	220.0002	582.8824236551299	387.6842900629522	1255692.5427169937
03/29/2020	381.54903192952855	140.78370171473122	271.0179	825.6917323216003	579.9071097440678	1585461600000	450.5041327286264	181.65540496631505	247.99929999999995	699.9147146809765	430.9557274578393	1948488.428353961
03/30/2020	479.96966296089965	84.65073420827154	567.0	829.9728359599641	1107.8051090891297	1585548000000	805.8054863309396	8953.394292565996	9.0	817.8706764412053	12.065190110265602	1936941.830259929
03/31/2020	316.01788726248964	50.970626977820906	620.0	835.5687192387059	882.9603299395804	1585634400000	927.0105995307252	10300.117772563615	9.0	936.4382244354855	9.42762490476024	1821475.8493204664
04/01/2020	308.28379423253284	45.33585209301954	680.0	842.4089896359802	960.0994663451011	1585720800000	1046.3775594219692	11626.417326910769	9.0	1055.8051843267292	9.42762490476024	1708896.5179045005
04/02/2020	332.7633937614134	45.45948002205101	732.0	850.2019131422	1024.379840396925	1585807200000	1165.7217007985382	11657.217007985382	10.0	1176.1493257032985	10.42762490476024	1394251.719844339
04/03/2020	371.3718053732397	47.79559914713509	777.0	858.8756872044521	1081.3484203919165	1585893600000	1286.179116961709	11692.537426924628	11.0	1297.6067418664693	11.42762490476024	1527037.5979248122
04/04/2020	462.7356717048737	104.96429021400012	440.85056999999995	867.7886099678843	581.2892098188158	1585980000000	809.215228736826	186.02743019317015	434.99780000000004	1420.3032686099627	645.117483158839	1489511.1541194345
04/05/2020	418.9995797563847	85.745372120428	488.6556200000001	878.1267944351551	665.3732657611918	1586066400000	912.0715562628867	203.5856286659306	448.0038999999998	1544.2730700339457	654.2955846429363	1815702.5502735595
04/06/2020	426.4463115221579	82.52157292067648	516.76949	890.2081210473503	693.6146439441545	1586152800000	988.9573329888132	210.41564798024456	470.00180000000006	1669.7197549532539	696.6203563112525	1876322.1902667237
04/07/2020	415.2384168636826	79.86284849088675	519.939402	905.52551981076	725.6420622221333	1586239200000	945.1636325913774	172.16010642413553	549.0026999999999	1796.892343674304	979.5955618255383	1882095.489313741
04/08/2020	376.52994147665913	71.72683350532894	524.9499010000001	924.3491652974816	726.7662720708369	1586325600000	998.435878007033	157.98136032617825	631.9959999999998	1926.253132218698	1103.943702256708	1841682.3959848753
04/09/2020	356.4108508186156	62.54505393690625	569.8465799999999	946.8367458284439	800.8625514143715	1586412000000	1067.075960649857	158.08490594393342	675.0017999999997	2058.303012975482	1161.4406643246514	1778176.1064681855
04/10/2020	333.5545006695662	54.994346840364926	606.52507	973.123681448372	873.418376672125	1586498400000	1119.7769024156355	152.97563451643518	731.9969000000001	2193.565405236687	1233.5858682920486	1749309.611233319
04/11/2020	323.73014249973653	50.866108121713644	636.4358400000002	1003.4291919265983	912.0146626985062	1586584800000	1203.5188470511832	151.95916258380615	792.0014999999999	2332.583074015027	1343.6531897337431	995894.0856030927
04/12/2020	429.2623608582132	55.04624442031982	779.8213399999999	1038.2404442182246	1120.6343358456652	1586671200000	1296.9953667045997	154.03783865786355	841.9979000000003	2475.930101433112	1406.209788927403	1804155.9521795502
04/13/2020	453.1092538936877	58.30513077782042	777.1344440000001	1075.8629627943378	1133.2641484299015	1586757600000	1429.9815440081434	169.83159780319912	841.9997000000001	2624.250164892859	1384.5782385192522	1879208.8397901678
04/14/2020	451.46507557800555	59.948844950415705	753.0838599999998	1120.3870829556859	909.6556133047179	1586844000000	2121.6194836214245	233.40158605365986	908.9996000000003	2777.9448738634783	1445.792275549983	1977354.9235888307
04/15/2020	415.47491984175906	47.84339581276028	868.4060000000001	1172.6939894880425	1017.4808201371504	1586930400000	2252.7992159509904	239.6599499819246	939.9981999999995	2938.000171428576	1492.245365125349	1980241.5731123274
04/16/2020	488.37416897255497	61.343065026743346	796.1359100000002	1233.9828472110921	922.0894327037997	1587016800000	2338.577379756396	230.85591846780284	1013.0029999999997	3105.5278842125817	1589.6984345826427	1954261.7274009055
04/17/2020	440.7236378017804	43.79990733261368	1006.2204799999997	1305.3539625664039	1220.6237257568814	1587103200000	2419.4389978974195	226.9639393469352	1066.0015	3281.8111480998805	1637.699389861274	1962921.6759713588
04/18/2020	454.04355103866163	41.56004549296131	1092.5001300000004	1388.1572938562358	1345.8850890402116	1587189600000	2535.168171818331	226.75920796593235	1118.0000999999997	3468.290285609367	1704.606003825512	1824362.4988439
04/19/2020	470.071949610755	39.384464503332026	1193.546632	1484.282020559383	1526.753283474255	1587276000000	2675.4014718493136	230.63805195326714	1160.0000299999997	3666.598470445973	1732.671794467452	2035087.9140584855
04/20/2020	526.7586063706842	41.641954151394984	1264.9709100000007	1595.354774679183	1664.1864629742483	1587362400000	2804.283626207023	233.30104134061716	1202.0021899999997	3878.6387590973122	1760.8320256349061	2118800.7502396326
04/21/2020	635.4192341300935	48.54235065306916	1308.9997200000003	1725.2580461074656	1588.9297882538488	1587448800000	3099.8810591016704	247.19840172140192	1254.0052999999996	4106.546584051482	1723.1122816877794	2271793.174984659
04/22/2020	674.6622052748819	48.155598310538295	1401.0047200000001	1877.5524482944218	1716.7576731670936	1587535200000	3250.020006139685	246.77391082029098	1317.0030799999997	4353.012019209693	1781.2977436700173	2202513.5864208345
04/23/2020	551.6055812485653	39.31614326693606	1403.000232	2056.8773720122017	1739.4241668596055	1587621600000	3344.169666589729	217.71973936660862	1535.9974600000003	4621.233797537466	2055.109767998372	2141893.9464275534
04/24/2020	616.3144916017667	38.88416122329233	1585.001379	2267.1249888122848	2031.0600127203859	1587708000000	3528.9189347510874	221.38785789322637	1593.9984099999997	4915.073422110639	2091.615943836939	2162100.4930919325
04/25/2020	741.8192527081359	41.50942880323574	1787.1102400000013	2513.268002070496	2343.7725203413065	1587794400000	3782.7852118188525	228.7054470077079	1653.9987399999984	5238.948420512395	2164.6319994125006	2113027.4511927348
04/26/2020	756.6124149600633	41.570974842306825	1820.0497289999996	2801.9976343466437	2418.9334776242085	1587880800000	4025.796208593466	226.93280685602355	1774.00362	5597.986706522462	2313.729212127625	2346846.062595104
04/27/2020	879.637516609653	44.66041173791145	1969.6135399999991	3140.349080530463	2677.3461646046558	1587967200000	4292.3189324586865	233.02481369490627	1842.0008000000016	5998.272082857698	2366.147689375247	2170760.4416623963
04/28/2020	1372.4042486648807	60.62730042442115	2263.673690000001	3385.249666136053	2493.004836252364	1588053600000	4636.59010957678	242.50004838278932	1911.9955400000026	6446.893380076335	2221.0522295183455	2355506.0111656706
04/29/2020	1146.7225252481926	44.19850854444771	2594.4824000000012	3561.3736337452356	2879.611390384835	1588140000000	4955.3465170211175	242.55118975012257	2043.0106	6930.500475238629	2368.073810815892	2491178.5387695776
04/30/2020	916.2705200573397	31.002398043359225	2955.4827299999997	3691.2004958862426	3340.3555840445633	1588226400000	5338.080243211021	245.7683177729683	2171.9969	7439.2681372022325	2504.866287314952	2029314.6150115277
05/01/2020	615.0409271687358	17.897582217003077	3436.447	3791.58149106632	3938.5866986963015	1588312800000	5742.048479981858	251.73431863332738	2280.9954999999995	7966.5824937574125	2639.3608129484896	2084160.95595788
05/02/2020	695.1968514545725	18.117938054498953	3837.0638499999995	3869.0342208352727	4442.74306876213	1588399200000	6157.177692426813	256.97704008033355	2396.003040000001	8508.236992481174	2755.504001303256	1991788.1712061854
05/03/2020	611.3973751858052	16.78483757852694	3642.55759	3934.5543074849284	4261.601943904784	1588485600000	6179.7132563449295	205.0358972584775	3013.9664999999995	9060.956166886212	3450.7777636957717	2205400.235944211
05/04/2020	1441.7520412132023	46.46471448193514	3102.8965900000017	3994.846311640289	3774.8350799105533	1588572000000	5745.720969256208	136.44643016520214	4210.971999999994	9623.035353669775	4798.648770306146	2075501.0073873636
05/05/2020	993.611046083357	29.850987906901892	3328.57006	4058.7763122501588	3730.796158569887	1588658400000	5881.114799323976	127.48997408420641	4613.001800000001	10193.7276839041	6727.720769399876	2231380.081655664
05/06/2020	890.7737165880221	24.203220665231022	3680.39332	4129.056560697925	4143.101814353738	1588744800000	6132.848622678677	122.5344747391767	5004.998500000003	10773.55287136841	7227.189443801101	2156327.1940450417
05/07/2020	1080.5508250321582	26.058440930670958	4146.644182999999	4211.630324499669	4650.822431946649	1588831200000	6391.50841185477	120.41259353096454	5308.006599999999	11363.41809432525	7613.021562808922	2133233.9978571204
05/08/2020	1197.761954478549	26.680635124749983	4489.25578	4308.370725363649	5049.502846509809	1588917600000	6660.687659145237	116.91603650242499	5696.983799999999	11965.079569253776	8135.197304176897	2000448.119776663
05/09/2020	1272.3284448070342	27.482060166141046	4629.6690899999985	4421.838307521568	5194.730007631769	1589004000000	7116.3402688241595	112.5656925099744	6321.944199999999	12580.561101448586	8971.749066627834	1980241.5731123274
05/10/2020	1182.3130004900354	25.958021720805693	4554.711500000002	4552.942908401839	5123.599071469597	1589090400000	7275.997285605016	105.7259714551543	6881.939399999999	13212.25228823738	9672.719851477703	2283339.7730784556
05/11/2020	999.2916679058702	22.67270257752949	4407.466046400002	4704.468568967133	5007.508226069619	1589176800000	7249.652899029562	96.20022881397122	7536.003799999996	13862.672703723356	10416.851453464666	2297773.020695839
05/12/2020	1132.753455540204	25.51877439273723	4438.902269	4883.931532701045	5200.4556331508575	1589263200000	6619.962276732729	80.50532772863151	8223.0114	14534.739642147233	12102.640276409593	2202513.5864208345
05/13/2020	904.6327802562879	21.02944776291486	4301.742919999998	5093.384932227886	4950.601886036978	1589349600000	7012.886386767962	79.80927932553115	8787.056400000001	15232.444146818805	12862.560743583303	2251586.6283200365
05/14/2020	673.9443040385167	15.26356349819436	4415.3798300000035	5333.604626346445	5146.053050233042	1589436000000	7147.1362767022265	78.23022584803286	9136.029199999995	15960.07056570851	13220.43443596241	2271793.174984659
05/15/2020	536.5669708747123	11.1051568083343	4831.69198	5608.832853052981	5702.766459409975	1589522400000	7310.942863981536	76.93262870430623	9503.045699999997	16722.014083757997	13617.156681538754	2095707.554051719
05/16/2020	715.0798238461681	14.918859730101461	4793.126531	5923.043939866688	5645.851667757125	1589608800000	7549.927691979293	73.50740057670363	10270.9763	17523.275919908425	14627.608521215503	2009108.068347089
05/17/2020	802.1164940174996	16.4129093448576	4887.107319999999	6276.627553757534	5826.106283224224	1589695200000	7708.476496602679	70.74001129460093	10896.9116	18369.4250541751	15366.443867378981	2502089.919545024
05/18/2020	981.9496197956008	19.859885441365126	4944.387129999999	6673.2214923827605	6013.487542939143	1589781600000	7667.3905340527945	66.7021720768951	11494.963799999992	19266.086133283312	15995.276315463516	2496284.6065066922
05/19/2020	1106.8820363580933	22.93330875550408	4826.5256800000025	6890.833639070577	6337.516464532671	1589868000000	8213.819515061481	66.84463144240262	12287.927000000001	20219.403489337998	18610.372451256073	2621098.836832007
05/20/2020	1066.0430915162074	22.439260896718203	4750.7941390000005	6980.828621140803	6100.290250911533	1589954400000	8556.78406263174	65.80097858860975	13004.037699999999	21203.808294919516	19684.093198982137	2612390.8672743044
05/21/2020	933.4210230692739	18.866873302084688	4947.407066999999	6982.310300834313	6330.135571935997	1590040800000	8839.2938194854	66.47590533078876	13296.989000000007	22201.069526511063	20035.207675472033	2586266.958601656
05/22/2020	698.6383212342909	12.695723596567483	5502.942120000001	6922.748264067805	6988.156029042136	1590127200000	9245.420244204968	68.29197461072957	13538.0772	23198.542426630236	20366.4412269848	2371470.376181271
05/23/2020	619.3105351344698	11.121719667223797	5568.4782000000005	6822.170951478271	7023.761495018862	1590213600000	9502.33459839487	66.27828067886428	14337.026399999999	24187.5064643542	21470.320772864772	2185700.358952963
05/24/2020	925.4714769741144	16.420379150239935	5636.1151500000005	6693.4605950667865	7017.032321839345	1590300000000	9684.707653538231	64.63390440688819	14983.943399999998	25162.102314565385	22306.16177490059	2345346.467508581
05/25/2020	1248.576820460237	21.976710874598858	5681.363455999998	6546.538323500906	6977.0094042921955	1590386400000	10039.968074574825	63.96113114661225	15696.983300000002	26118.31097100351	23326.608825793533	2577558.989044087
05/26/2020	1082.689335891136	19.125131317499832	5661.081840000001	6392.121950426758	6272.2645280782035	1590472800000	11138.802253682994	67.82840096192598	16422.03279999999	27053.53073150363	23667.797336980115	2621098.836832007
05/27/2020	828.351029551936	15.639034974320198	5296.688900000001	6238.638643897621	5877.362743045641	1590559200000	11114.28620134479	64.4454704660566	17246.031600000002	27966.691010136026	24599.465775449517	2502089.919545024
05/28/2020	601.7052863261983	11.33243424619356	5309.5855070000025	6090.498292019732	5938.56477314386	1590645600000	11168.44695079481	63.377789610166374	17622.0203	28857.925102121404	24945.688683856548	2444036.7891611494
05/29/2020	591.1820192111371	10.5916785146678	5581.570649	5949.689497579338	6341.4138808769785	1590732000000	11276.75587332932	62.90711193896185	17926.042899999997	29727.996286695656	25195.547035702748	2417912.8804883943
05/30/2020	618.7616479295801	11.716285766806587	5281.209934999998	5818.496201078253	5974.271071931466	1590818400000	11322.664185590405	59.94020299378724	18889.933000000005	30577.95192920699	26371.29256303662	2423718.1935267486
05/31/2020	618.913359930187	12.15096475597276	5093.532672999998	5699.15988751866	5719.5488290328085	1590904800000	11418.019628921478	57.856579506361584	19735.0409	31409.165672218154	27397.42179426444	2484673.980429836
06/01/2020	830.1497237037448	17.655376495171826	4701.965568000002	5593.9220880745315	5212.293035069962	1590991200000	11537.652551350378	56.30587030800237	20491.029600000005	32223.331370435124	28322.437251742107	2473063.3543530907
06/02/2020	909.0541101937945	21.91744187555341	4147.6287029999985	5505.243375194975	5447.682451633882	1591077600000	9112.673048632598	42.47756570396033	21452.907900000002	33022.463097302905	30274.931118768338	2522408.515179381
06/03/2020	750.686463248825	20.10146970150007	3734.485459999998	5434.899151206008	4936.74515018511	1591164000000	9324.674057618195	41.89927349969734	22254.97789999999	33808.926436616464	31340.17374503392	2525311.171698643
06/04/2020	580.374350283579	15.63259582307343	3712.5910300000014	5385.251762031172	4960.088616774557	1591250400000	9266.87700553859	40.99445944824676	22605.1938	34585.34060107447	31782.342329267674	2560143.0499289213
06/05/2020	547.6052403327957	13.937689780256878	3928.95271	5358.454925624806	5371.40732559347	1591336800000	9253.958579695625	40.21348571969939	23012.07769999999	35354.66228136463	32268.720564822954	2475966.0108723156
06/06/2020	590.328180886725	14.664045112118362	4025.6844300000002	5357.174103989326	5555.90631480898	1591423200000	9335.461475973987	39.855833765107654	23423.074100000005	36120.15584216819	32793.47550735738	2348249.124027757
06/07/2020	632.6940708667553	17.263616133372786	3664.8988600000002	5383.6143558720405	5208.65648424366	1591509600000	9560.724895445592	39.54306594142843	24178.006100000006	36885.466428452404	33793.60809145067	2525311.171698643
06/08/2020	834.4774895626784	24.75876132474531	3370.4331110000007	5440.287071202348	4894.423912518702	1591596000000	9735.818758786423	39.17198190500145	24854.036700000008	37654.55419357694	34702.74927311881	2444036.7891611494
06/09/2020	523.0142103125946	16.791714570048235	3114.7159399999987	5532.100749957399	5454.743853698983	1591682400000	14434.489648358833	56.743632655232744	25438.078199999985	38431.73806089156	39595.72900713221	2499187.2630258366
06/10/2020	513.6191150942285	17.261210453936588	2975.56835	5662.293673932334	5294.0913160193495	1591768800000	14672.985441317282	56.62837894648594	25911.01090000001	39222.03816802834	40367.71228817667	2618196.18031279
06/11/2020	470.8839121937397	14.846607523938252	3171.6599999999985	5713.1595124054265	5626.817657290639	1591855200000	14855.530790676048	56.87650637213893	26118.922800000004	40030.93726430438	40739.373304056135	2635612.119427938
06/12/2020	605.496991314715	17.445814731986886	3470.7292300000004	5707.947001513689	6108.299715128663	1591941600000	14784.469296708596	56.21032026934366	26302.054899999996	40847.10290893374	41024.06719183621	2589169.6151208607
06/13/2020	407.8562138332393	12.508416603378423	3260.654220000001	5663.52540670544	5885.136345561987	1592028000000	15224.493705137671	56.59029759936224	26903.0105	41662.52390914998	41962.37591377025	2568851.0194865204
06/14/2020	423.3418703064398	13.727603546720534	3083.87308	5592.16265087899	5620.029973482793	1592114400000	15495.788511310655	56.57872710107394	27388.0119	42471.59896725075	42780.60920309868	2664638.6846198956
06/15/2020	488.19993115388377	17.449127089740887	2797.8472999999985	5503.203109272702	5178.639794263635	1592200800000	15926.036821477703	57.056157568715236	27912.91509999999	43270.47934594777	43635.39976730359	2690762.59329264
06/16/2020	591.5341710603433	22.936778593141188	2578.9766799999998	5404.317784460151	5019.181876193386	1592287200000	18840.035571407017	66.52785455241434	28319.0187	44056.651218701	46717.65268116355	2699470.5628501745
06/17/2020	593.4933260642327	23.265264860387873	2550.9846100000004	5300.819851464796	4827.205188165118	1592373600000	19055.737376766505	66.32924346823556	28729.013600000002	44828.696616481015	47555.88309627918	2563045.706448103
06/18/2020	322.77488237035436	11.796676814548174	2736.1509300000007	5196.621900779068	5226.936130386736	1592460000000	19221.967992896887	66.49148033647101	28908.918699999995	45585.95659526171	47878.00007097584	2725594.4715229175
06/19/2020	533.5309523672693	18.254057010165866	2922.8075274999997	5093.879055256625	5388.3297426094905	1592546400000	19338.87304483271	66.5229810085543	29070.965779999988	46328.33115251586	48318.22346627414	2612390.8672743044
06/20/2020	380.5499103112459	13.381191218475278	2843.9165399999997	4996.10416518289	5192.722472273229	1592632800000	19650.86335586554	66.43758379005517	29577.931999999993	47056.02816040966	49235.976773662966	2641417.432466267
06/21/2020	413.04224902086855	14.647114566265435	2819.956429999999	4904.399508425532	5118.282405942158	1592719200000	20038.306179422034	66.69660272348919	30043.968300000008	47769.75732686437	50001.25042227606	2716886.501965367
06/22/2020	379.0539626946077	13.907751937149538	2725.4869400000002	4820.665563384724	4842.6443929829	1592805600000	20273.65225611987	66.5802166130607	30449.9644	48470.385828068014	50767.28481709291	3079733.22661461
06/23/2020	4746.848545180381	Infinity	0.0	4746.848545180381	0.0	1592892000000	49159.05233712296	Infinity	0.0	49159.05233712296	0.0	3121921.35300668
06/24/2020	4685.19429677311	Infinity	0.0	4685.19429677311	0.0	1592978400000	49837.17355786301	Infinity	0.0	49837.17355786301	0.0	2974262.910634712
06/25/2020	4672.305380013013	Infinity	0.0	4672.305380013013	0.0	1593064800000	50506.48702883061	Infinity	0.0	50506.48702883061	0.0	3088773.5394129422
06/26/2020	4691.640967527248	Infinity	0.0	4691.640967527248	0.0	1593151200000	51173.95922597534	Infinity	0.0	51173.95922597534	0.0	3155069.1666003554
06/27/2020	4737.971883939675	Infinity	0.0	4737.971883939675	0.0	1593237600000	51844.1936499078	Infinity	0.0	51844.1936499078	0.0	3091786.9770123325
06/28/2020	4808.685931069699	Infinity	0.0	4808.685931069699	0.0	1593324000000	52521.0467761849	Infinity	0.0	52521.0467761849	0.0	3088773.5394129422
06/29/2020	4901.439463322357	Infinity	0.0	4901.439463322357	0.0	1593410400000	53208.00190919483	Infinity	0.0	53208.00190919483	0.0	3079733.22661461
06/30/2020	5016.695015469132	Infinity	0.0	5016.695015469132	0.0	1593496800000	53908.207546812315	Infinity	0.0	53908.207546812315	0.0	3121921.35300668
07/01/2020	5155.82651600058	Infinity	0.0	5155.82651600058	0.0	1593583200000	54624.87826330793	Infinity	0.0	54624.87826330793	0.0	2974262.910634712
07/02/2020	5321.7708910494775	Infinity	0.0	5321.7708910494775	0.0	1593669600000	55361.42490845086	Infinity	0.0	55361.42490845086	0.0	3088773.5394129422
07/03/2020	5514.961423688405	Infinity	0.0	5514.961423688405	0.0	1593756000000	56121.67789288652	Infinity	0.0	56121.67789288652	0.0	3155069.1666003554
07/04/2020	5741.3132135214755	Infinity	0.0	5741.3132135214755	0.0	1593842400000	56909.52952484197	Infinity	0.0	56909.52952484197	0.0	3091786.9770123325
07/05/2020	6005.9822807653545	Infinity	0.0	6005.9822807653545	0.0	1593928800000	57729.717126773605	Infinity	0.0	57729.717126773605	0.0	3088773.5394129422
07/06/2020	6312.520781909456	Infinity	0.0	6312.520781909456	0.0	1594015200000	58587.71459545438	Infinity	0.0	58587.71459545438	0.0	3079733.22661461
07/07/2020	6666.893181098325	Infinity	0.0	6666.893181098325	0.0	1594101600000	59489.50327858431	Infinity	0.0	59489.50327858431	0.0	3121921.35300668
07/08/2020	7076.039251284027	Infinity	0.0	7076.039251284027	0.0	1594188000000	60441.91659016979	Infinity	0.0	60441.91659016979	0.0	2974262.910634712
07/09/2020	7549.236503657826	Infinity	0.0	7549.236503657826	0.0	1594274400000	61452.77934035321	Infinity	0.0	61452.77934035321	0.0	3088773.5394129422
07/10/2020	8092.977033589959	Infinity	0.0	8092.977033589959	0.0	1594360800000	62531.24169801862	Infinity	0.0	62531.24169801862	0.0	3155069.1666003554
07/11/2020	8722.164374128457	Infinity	0.0	8722.164374128457	0.0	1594447200000	63687.38127424574	Infinity	0.0	63687.38127424574	0.0	3091786.9770123325
07/12/2020	9451.799115626818	Infinity	0.0	9451.799115626818	0.0	1594533600000	64933.40475626409	Infinity	0.0	64933.40475626409	0.0	3088773.5394129422
07/13/2020	10295.380599337564	Infinity	0.0	10295.380599337564	0.0	1594620000000	66283.66177278223	Infinity	0.0	66283.66177278223	0.0	3079733.22661461
07/14/2020	11271.152085952766	Infinity	0.0	11271.152085952766	0.0	1594706400000	67754.43042983045	Infinity	0.0	67754.43042983045	0.0	3121921.35300668
07/15/2020	12399.757179977054	Infinity	0.0	12399.757179977054	0.0	1594792800000	69364.595013538	Infinity	0.0	69364.595013538	0.0	2974262.910634712
07/16/2020	13706.585512639766	Infinity	0.0	13706.585512639766	0.0	1594879200000	71135.98889639186	Infinity	0.0	71135.98889639186	0.0	3088773.5394129422
07/17/2020	15211.318873391016	Infinity	0.0	15211.318873391016	0.0	1594965600000	73094.07254105469	Infinity	0.0	73094.07254105469	0.0	3155069.1666003554
07/18/2020	16949.69418679273	Infinity	0.0	16949.69418679273	0.0	1595052000000	75267.11809439628	Infinity	0.0	75267.11809439628	0.0	3091786.9770123325
07/19/2020	18956.099537412334	Infinity	0.0	18956.099537412334	0.0	1595138400000	77688.50297822375	Infinity	0.0	77688.50297822375	0.0	3088773.5394129422
07/20/2020	21258.237468614418	Infinity	0.0	21258.237468614418	0.0	1595224800000	80396.51719785416	Infinity	0.0	80396.51719785416	0.0	3079733.22661461
07/21/2020	23889.41604090699	Infinity	0.0	23889.41604090699	0.0	1595311200000	83433.40826479904	Infinity	0.0	83433.40826479904	0.0	3121921.35300668
07/22/2020	26881.480802608916	Infinity	0.0	26881.480802608916	0.0	1595397600000	86846.1819849286	Infinity	0.0	86846.1819849286	0.0	2974262.910634712
07/23/2020	30268.612756864048	Infinity	0.0	30268.612756864048	0.0	1595484000000	90686.39352815844	Infinity	0.0	90686.39352815844	0.0	3088773.5394129422
07/24/2020	34059.56459724259	Infinity	0.0	34059.56459724259	0.0	1595570400000	95010.4810648533	Infinity	0.0	95010.4810648533	0.0	3155069.1666003554
07/25/2020	38290.42295694518	Infinity	0.0	38290.42295694518	0.0	1595656800000	99876.13315017366	Infinity	0.0	99876.13315017366	0.0	3091786.9770123325
07/26/2020	42980.1323029219	Infinity	0.0	42980.1323029219	0.0	1595743200000	105346.19357259445	Infinity	0.0	105346.19357259445	0.0	3088773.5394129422
07/27/2020	48117.44418601263	Infinity	0.0	48117.44418601263	0.0	1595829600000	111486.2124730118	Infinity	0.0	111486.2124730118	0.0	3079733.22661461
07/28/2020	53693.26391184277	Infinity	0.0	53693.26391184277	0.0	1595916000000	118360.13307101365	Infinity	0.0	118360.13307101365	0.0	3121921.35300668
07/29/2020	59685.56264624093	Infinity	0.0	59685.56264624093	0.0	1596002400000	126030.59934413405	Infinity	0.0	126030.59934413405	0.0	2974262.910634712
07/30/2020	66071.48561173468	Infinity	0.0	66071.48561173468	0.0	1596088800000	134557.108293597	Infinity	0.0	134557.108293597	0.0	3088773.5394129422
07/31/2020	72768.25313783453	Infinity	0.0	72768.25313783453	0.0	1596175200000	143995.8919524162	Infinity	0.0	143995.8919524162	0.0	3155069.1666003554
08/01/2020	79755.407361218	Infinity	0.0	79755.407361218	0.0	1596261600000	154391.35668639262	Infinity	0.0	154391.35668639262	0.0	3091786.9770123325
08/02/2020	86977.18401853903	Infinity	0.0	86977.18401853903	0.0	1596348000000	165784.98630942378	Infinity	0.0	165784.98630942378	0.0	3088773.5394129422
08/03/2020	94323.9204358093	Infinity	0.0	94323.9204358093	0.0	1596434400000	178210.29831207223	Infinity	0.0	178210.29831207223	0.0	3079733.22661461
08/04/2020	101701.93292843617	Infinity	0.0	101701.93292843617	0.0	1596520800000	191685.14408861636	Infinity	0.0	191685.14408861636	0.0	3121921.35300668
08/05/2020	109008.6041785206	Infinity	0.0	109008.6041785206	0.0	1596607200000	206213.99164982158	Infinity	0.0	206213.99164982158	0.0	2974262.910634712
08/06/2020	116157.46553125994	Infinity	0.0	116157.46553125994	0.0	1596693600000	221786.64938961028	Infinity	0.0	221786.64938961028	0.0	3088773.5394129422
08/07/2020	122994.91103339792	Infinity	0.0	122994.91103339792	0.0	1596780000000	238380.5730369331	Infinity	0.0	238380.5730369331	0.0	3155069.1666003554
08/08/2020	129488.37634160767	Infinity	0.0	129488.37634160767	0.0	1596866400000	255951.2746131327	Infinity	0.0	255951.2746131327	0.0	3091786.9770123325
08/09/2020	135584.34866271776	Infinity	0.0	135584.34866271776	0.0	1596952800000	274449.6140905053	Infinity	0.0	274449.6140905053	0.0	3088773.5394129422
08/10/2020	141195.4583339758	Infinity	0.0	141195.4583339758	0.0	1597039200000	293818.80675660784	Infinity	0.0	293818.80675660784	0.0	3079733.22661461
08/11/2020	146288.66685238353	Infinity	0.0	146288.66685238353	0.0	1597125600000	313989.5865186043	Infinity	0.0	313989.5865186043	0.0	3121921.35300668
08/12/2020	150849.71939173026	Infinity	0.0	150849.71939173026	0.0	1597212000000	334887.96749751637	Infinity	0.0	334887.96749751637	0.0	2974262.910634712
08/13/2020	154901.88073377122	Infinity	0.0	154901.88073377122	0.0	1597298400000	356437.9274106206	Infinity	0.0	356437.9274106206	0.0	3088773.5394129422
08/14/2020	158413.31174556218	Infinity	0.0	158413.31174556218	0.0	1597384800000	378566.7675154449	Infinity	0.0	378566.7675154449	0.0	3155069.1666003554
08/15/2020	161472.5272527296	Infinity	0.0	161472.5272527296	0.0	1597471200000	401197.24062195397	Infinity	0.0	401197.24062195397	0.0	3091786.9770123325
08/16/2020	164140.7260328283	Infinity	0.0	164140.7260328283	0.0	1597557600000	424264.7445152009	Infinity	0.0	424264.7445152009	0.0	3088773.5394129422
08/17/2020	166434.42353478997	Infinity	0.0	166434.42353478997	0.0	1597644000000	447713.4196627479	Infinity	0.0	447713.4196627479	0.0	3079733.22661461
08/18/2020	168401.76426344624	Infinity	0.0	168401.76426344624	0.0	1597730400000	471489.7658820036	Infinity	0.0	471489.7658820036	0.0	3121921.35300668
08/19/2020	170087.84026738416	Infinity	0.0	170087.84026738416	0.0	1597816800000	495547.1607767817	Infinity	0.0	495547.1607767817	0.0	2974262.910634712
08/20/2020	171551.19147779344	Infinity	0.0	171551.19147779344	0.0	1597903200000	519845.42367212236	Infinity	0.0	519845.42367212236	0.0	3088773.5394129422
08/21/2020	172781.79829758956	Infinity	0.0	172781.79829758956	0.0	1597989600000	544352.7367403783	Infinity	0.0	544352.7367403783	0.0	3155069.1666003554
08/22/2020	173860.50896853986	Infinity	0.0	173860.50896853986	0.0	1598076000000	569035.8507828914	Infinity	0.0	569035.8507828914	0.0	3091786.9770123325
08/23/2020	174831.2121467314	Infinity	0.0	174831.2121467314	0.0	1598162400000	593873.0663498259	Infinity	0.0	593873.0663498259	0.0	3088773.5394129422
08/24/2020	175687.7742512328	Infinity	0.0	175687.7742512328	0.0	1598248800000	618848.9537993588	Infinity	0.0	618848.9537993588	0.0	3079733.22661461
08/25/2020	176445.9182446339	Infinity	0.0	176445.9182446339	0.0	1598335200000	643947.2072638202	Infinity	0.0	643947.2072638202	0.0	3121921.35300668
08/26/2020	177116.13419592084	Infinity	0.0	177116.13419592084	0.0	1598421600000	669153.7670130538	Infinity	0.0	669153.7670130538	0.0	2974262.910634712
08/27/2020	177721.9581493714	Infinity	0.0	177721.9581493714	0.0	1598508000000	694456.0718981855	Infinity	0.0	694456.0718981855	0.0	3088773.5394129422
08/28/2020	178228.1086603169	Infinity	0.0	178228.1086603169	0.0	1598594400000	719844.9230623813	Infinity	0.0	719844.9230623813	0.0	3155069.1666003554
08/29/2020	178687.00660040908	Infinity	0.0	178687.00660040908	0.0	1598680800000	745306.0814424268	Infinity	0.0	745306.0814424268	0.0	3091786.9770123325
08/30/2020	179123.71887347373	Infinity	0.0	179123.71887347373	0.0	1598767200000	770832.7966710563	Infinity	0.0	770832.7966710563	0.0	3088773.5394129422
08/31/2020	179522.9565521947	Infinity	0.0	179522.9565521947	0.0	1598853600000	796421.8993672668	Infinity	0.0	796421.8993672668	0.0	3079733.22661461
09/01/2020	179893.39606434357	Infinity	0.0	179893.39606434357	0.0	1598940000000	822068.0360175804	Infinity	0.0	822068.0360175804	0.0	3121921.35300668
09/02/2020	180241.2206989916	Infinity	0.0	180241.2206989916	0.0	1599026400000	847767.0925982011	Infinity	0.0	847767.0925982011	0.0	2974262.910634712
09/03/2020	180585.00128372895	Infinity	0.0	180585.00128372895	0.0	1599112800000	873515.8384123426	Infinity	0.0	873515.8384123426	0.0	3088773.5394129422
09/04/2020	180887.90185527675	Infinity	0.0	180887.90185527675	0.0	1599199200000	899313.6957385899	Infinity	0.0	899313.6957385899	0.0	3155069.1666003554
09/05/2020	181191.48035524643	Infinity	0.0	181191.48035524643	0.0	1599285600000	925154.8245750577	Infinity	0.0	925154.8245750577	0.0	3091786.9770123325
09/06/2020	181509.52784608136	Infinity	0.0	181509.52784608136	0.0	1599372000000	951039.321768664	Infinity	0.0	951039.321768664	0.0	3088773.5394129422
09/07/2020	181816.2161893987	Infinity	0.0	181816.2161893987	0.0	1599458400000	976969.2543181047	Infinity	0.0	976969.2543181047	0.0	3079733.22661461
09/08/2020	182106.07772879736	Infinity	0.0	182106.07772879736	0.0	1599544800000	1002942.9994880186	Infinity	0.0	1002942.9994880186	0.0	3121921.35300668
09/09/2020	182370.6997470107	Infinity	0.0	182370.6997470107	0.0	1599631200000	1028958.1534492755	Infinity	0.0	1028958.1534492755	0.0	2974262.910634712
09/10/2020	182613.42911502428	Infinity	0.0	182613.42911502428	0.0	1599717600000	1055011.1105559908	Infinity	0.0	1055011.1105559908	0.0	3088773.5394129422
09/11/2020	182787.89752215805	Infinity	0.0	182787.89752215805	0.0	1599804000000	1081098.7432867081	Infinity	0.0	1081098.7432867081	0.0	3155069.1666003554
09/12/2020	182921.68053615675	Infinity	0.0	182921.68053615675	0.0	1599890400000	1107211.3000755887	Infinity	0.0	1107211.3000755887	0.0	3091786.9770123325
09/13/2020	183019.12038410184	Infinity	0.0	183019.12038410184	0.0	1599976800000	1133342.9687236112	Infinity	0.0	1133342.9687236112	0.0	3088773.5394129422
09/14/2020	183050.56653987934	Infinity	0.0	183050.56653987934	0.0	1600063200000	1159488.5573499117	Infinity	0.0	1159488.5573499117	0.0	3079733.22661461
09/15/2020	183007.3769050031	Infinity	0.0	183007.3769050031	0.0	1600149600000	1185638.63828418	Infinity	0.0	1185638.63828418	0.0	3121921.35300668
09/16/2020	182880.39149600154	Infinity	0.0	182880.39149600154	0.0	1600236000000	1211782.5492706087	Infinity	0.0	1211782.5492706087	0.0	2974262.910634712
09/17/2020	182673.09863173123	Infinity	0.0	182673.09863173123	0.0	1600322400000	1237908.3194843237	Infinity	0.0	1237908.3194843237	0.0	3088773.5394129422
09/18/2020	182345.16407675963	Infinity	0.0	182345.16407675963	0.0	1600408800000	1264004.476431714	Infinity	0.0	1264004.476431714	0.0	3155069.1666003554
09/19/2020	181924.98518408893	Infinity	0.0	181924.98518408893	0.0	1600495200000	1290053.7855855366	Infinity	0.0	1290053.7855855366	0.0	3091786.9770123325
09/20/2020	181420.70473631925	Infinity	0.0	181420.70473631925	0.0	1600581600000	1316043.0691832635	Infinity	0.0	1316043.0691832635	0.0	3088773.5394129422
09/21/2020	180810.1743998198	Infinity	0.0	180810.1743998198	0.0	1600668000000	1341960.3127170235	Infinity	0.0	1341960.3127170235	0.0	3079733.22661461
09/22/2020	180090.75007560456	Infinity	0.0	180090.75007560456	0.0	1600754400000	1367790.3376312833	Infinity	0.0	1367790.3376312833	0.0	3121921.35300668
09/23/2020	179259.56060979672	Infinity	0.0	179259.56060979672	0.0	1600840800000	1393517.587642084	Infinity	0.0	1393517.587642084	0.0	2974262.910634712
09/24/2020	178325.25434387126	Infinity	0.0	178325.25434387126	0.0	1600927200000	1419126.0963006269	Infinity	0.0	1419126.0963006269	0.0	3088773.5394129422
09/25/2020	177256.8631475448	Infinity	0.0	177256.8631475448	0.0	1601013600000	1444601.1326354658	Infinity	0.0	1444601.1326354658	0.0	3155069.1666003554
09/26/2020	176085.29367555704	Infinity	0.0	176085.29367555704	0.0	1601100000000	1469923.541656543	Infinity	0.0	1469923.541656543	0.0	3091786.9770123325
09/27/2020	174822.98081779724	Infinity	0.0	174822.98081779724	0.0	1601186400000	1495078.583610194	Infinity	0.0	1495078.583610194	0.0	3088773.5394129422
09/28/2020	173454.8559501626	Infinity	0.0	173454.8559501626	0.0	1601272800000	1520053.2951555944	Infinity	0.0	1520053.2951555944	0.0	3079733.22661461
09/29/2020	171983.07373712916	Infinity	0.0	171983.07373712916	0.0	1601359200000	1544832.5602913315	Infinity	0.0	1544832.5602913315	0.0	3121921.35300668
09/30/2020	170409.3032972714	Infinity	0.0	170409.3032972714	0.0	1601445600000	1569401.5708252077	Infinity	0.0	1569401.5708252077	0.0	2974262.910634712
10/01/2020	168745.21316850625	Infinity	0.0	168745.21316850625	0.0	1601532000000	1593745.7570105311	Infinity	0.0	1593745.7570105311	0.0	3088773.5394129422
10/02/2020	166966.83553338615	Infinity	0.0	166966.83553338615	0.0	1601618400000	1617852.216034604	Infinity	0.0	1617852.216034604	0.0	3155069.1666003554
10/03/2020	165105.05372349534	Infinity	0.0	165105.05372349534	0.0	1601704800000	1641704.6211108018	Infinity	0.0	1641704.6211108018	0.0	3091786.9770123325
10/04/2020	163174.01463603528	Infinity	0.0	163174.01463603528	0.0	1601791200000	1665291.0573570149	Infinity	0.0	1665291.0573570149	0.0	3088773.5394129422
10/05/2020	161163.1499504774	Infinity	0.0	161163.1499504774	0.0	1601877600000	1688601.6308764487	Infinity	0.0	1688601.6308764487	0.0	3079733.22661461
10/06/2020	159076.89567316655	Infinity	0.0	159076.89567316655	0.0	1601964000000	1711624.9380122311	Infinity	0.0	1711624.9380122311	0.0	3121921.35300668
10/07/2020	156919.0200275867	Infinity	0.0	156919.0200275867	0.0	1602050400000	1734350.2088226834	Infinity	0.0	1734350.2088226834	0.0	2974262.910634712
10/08/2020	154701.8870517346	Infinity	0.0	154701.8870517346	0.0	1602136800000	1756767.2116837674	Infinity	0.0	1756767.2116837674	0.0	3088773.5394129422
10/09/2020	152406.24589083192	Infinity	0.0	152406.24589083192	0.0	1602223200000	1778867.481262587	Infinity	0.0	1778867.481262587	0.0	3155069.1666003554
10/10/2020	150060.9090476828	Infinity	0.0	150060.9090476828	0.0	1602309600000	1800639.8021041346	Infinity	0.0	1800639.8021041346	0.0	3091786.9770123325
10/11/2020	147679.7674640379	Infinity	0.0	147679.7674640379	0.0	1602396000000	1822077.0748252322	Infinity	0.0	1822077.0748252322	0.0	3088773.5394129422
10/12/2020	145254.83851260802	Infinity	0.0	145254.83851260802	0.0	1602482400000	1843174.1844629517	Infinity	0.0	1843174.1844629517	0.0	3079733.22661461
10/13/2020	142791.082233125	Infinity	0.0	142791.082233125	0.0	1602568800000	1863924.8756790392	Infinity	0.0	1863924.8756790392	0.0	3121921.35300668
10/14/2020	140292.70152581282	Infinity	0.0	140292.70152581282	0.0	1602655200000	1884323.6017123417	Infinity	0.0	1884323.6017123417	0.0	2974262.910634712
10/15/2020	137771.21015598762	Infinity	0.0	137771.21015598762	0.0	1602741600000	1904365.4162160293	Infinity	0.0	1904365.4162160293	0.0	3088773.5394129422
10/16/2020	135210.4734979538	Infinity	0.0	135210.4734979538	0.0	1602828000000	1924047.0176668859	Infinity	0.0	1924047.0176668859	0.0	3155069.1666003554
10/17/2020	132635.90882848858	Infinity	0.0	132635.90882848858	0.0	1602914400000	1943362.7995951637	Infinity	0.0	1943362.7995951637	0.0	3091786.9770123325
10/18/2020	130059.81722195203	Infinity	0.0	130059.81722195203	0.0	1603000800000	1962310.7865706617	Infinity	0.0	1962310.7865706617	0.0	3088773.5394129422
10/19/2020	127475.41707959403	Infinity	0.0	127475.41707959403	0.0	1603087200000	1980890.760459513	Infinity	0.0	1980890.760459513	0.0	3079733.22661461
10/20/2020	124886.9364873034	Infinity	0.0	124886.9364873034	0.0	1603173600000	1999101.5343280272	Infinity	0.0	1999101.5343280272	0.0	3121921.35300668
10/21/2020	122297.8049143298	Infinity	0.0	122297.8049143298	0.0	1603260000000	2016942.5252547837	Infinity	0.0	2016942.5252547837	0.0	2974262.910634712
10/22/2020	119717.58573082731	Infinity	0.0	119717.58573082731	0.0	1603346400000	2034413.6402425447	Infinity	0.0	2034413.6402425447	0.0	3088773.5394129422
10/23/2020	117132.01723787271	Infinity	0.0	117132.01723787271	0.0	1603432800000	2051516.1524898054	Infinity	0.0	2051516.1524898054	0.0	3155069.1666003554
10/24/2020	114562.27665658474	Infinity	0.0	114562.27665658474	0.0	1603519200000	2068249.2978095026	Infinity	0.0	2068249.2978095026	0.0	3091786.9770123325
10/25/2020	112018.2067859833	Infinity	0.0	112018.2067859833	0.0	1603605600000	2084615.3373318715	Infinity	0.0	2084615.3373318715	0.0	3088773.5394129422
10/26/2020	109493.27348261594	Infinity	0.0	109493.27348261594	0.0	1603692000000	2100617.9383012974	Infinity	0.0	2100617.9383012974	0.0	3079733.22661461
10/27/2020	106990.22609421887	Infinity	0.0	106990.22609421887	0.0	1603778400000	2116259.834513101	Infinity	0.0	2116259.834513101	0.0	3121921.35300668
10/28/2020	104511.06534782564	Infinity	0.0	104511.06534782564	0.0	1603864800000	2131544.152526561	Infinity	0.0	2131544.152526561	0.0	2974262.910634712
10/29/2020	102062.93126947797	Infinity	0.0	102062.93126947797	0.0	1603951200000	2146474.3047191054	Infinity	0.0	2146474.3047191054	0.0	3088773.5394129422
10/30/2020	99632.75557600541	Infinity	0.0	99632.75557600541	0.0	1604037600000	2161054.7234718893	Infinity	0.0	2161054.7234718893	0.0	3155069.1666003554
10/31/2020	97237.39383547349	Infinity	0.0	97237.39383547349	0.0	1604124000000	2175287.97426846	Infinity	0.0	2175287.97426846	0.0	3091786.9770123325
11/01/2020	94884.1026587281	Infinity	0.0	94884.1026587281	0.0	1604210400000	2189179.030530672	Infinity	0.0	2189179.030530672	0.0	3091786.9770123325
11/02/2020	92566.31583534293	Infinity	0.0	92566.31583534293	0.0	1604296800000	2202733.902339061	Infinity	0.0	2202733.902339061	0.0	3088773.5394129422
11/03/2020	90285.54048086713	Infinity	0.0	90285.54048086713	0.0	1604383200000	2215957.6617441108	Infinity	0.0	2215957.6617441108	0.0	3079733.22661461
11/04/2020	88042.82489453243	Infinity	0.0	88042.82489453243	0.0	1604469600000	2228855.59609852	Infinity	0.0	2228855.59609852	0.0	3121921.35300668
11/05/2020	85838.61769754396	Infinity	0.0	85838.61769754396	0.0	1604556000000	2241433.1425120234	Infinity	0.0	2241433.1425120234	0.0	2974262.910634712
11/06/2020	83677.5930347717	Infinity	0.0	83677.5930347717	0.0	1604642400000	2253695.802183103	Infinity	0.0	2253695.802183103	0.0	3088773.5394129422
11/07/2020	81547.93164592129	Infinity	0.0	81547.93164592129	0.0	1604728800000	2265649.7440452124	Infinity	0.0	2265649.7440452124	0.0	3155069.1666003554
11/08/2020	79462.28433261238	Infinity	0.0	79462.28433261238	0.0	1604815200000	2277299.448566058	Infinity	0.0	2277299.448566058	0.0	3091786.9770123325
11/09/2020	77425.50655542745	Infinity	0.0	77425.50655542745	0.0	1604901600000	2288651.203470718	Infinity	0.0	2288651.203470718	0.0	3088773.5394129422
11/10/2020	75431.21871482364	Infinity	0.0	75431.21871482364	0.0	1604988000000	2299711.990121494	Infinity	0.0	2299711.990121494	0.0	3079733.22661461
11/11/2020	73479.43789675091	Infinity	0.0	73479.43789675091	0.0	1605074400000	2310487.8785093245	Infinity	0.0	2310487.8785093245	0.0	3121921.35300668
11/12/2020	71569.71811593085	Infinity	0.0	71569.71811593085	0.0	1605160800000	2320984.941066004	Infinity	0.0	2320984.941066004	0.0	2974262.910634712
11/13/2020	69705.17836656621	Infinity	0.0	69705.17836656621	0.0	1605247200000	2331209.1865111357	Infinity	0.0	2331209.1865111357	0.0	3088773.5394129422
11/14/2020	67875.2190383086	Infinity	0.0	67875.2190383086	0.0	1605333600000	2341167.0691349306	Infinity	0.0	2341167.0691349306	0.0	3155069.1666003554
11/15/2020	66089.68134445099	Infinity	0.0	66089.68134445099	0.0	1605420000000	2350863.5289975475	Infinity	0.0	2350863.5289975475	0.0	3091786.9770123325
11/16/2020	64351.95555235867	Infinity	0.0	64351.95555235867	0.0	1605506400000	2360304.912046755	Infinity	0.0	2360304.912046755	0.0	3088773.5394129422
11/17/2020	62656.10498530911	Infinity	0.0	62656.10498530911	0.0	1605592800000	2369498.0485542337	Infinity	0.0	2369498.0485542337	0.0	3079733.22661461
11/18/2020	61001.55526471734	Infinity	0.0	61001.55526471734	0.0	1605679200000	2378448.9206949915	Infinity	0.0	2378448.9206949915	0.0	3121921.35300668
11/19/2020	59387.38345485773	Infinity	0.0	59387.38345485773	0.0	1605765600000	2387163.428589951	Infinity	0.0	2387163.428589951	0.0	2974262.910634712
11/20/2020	57815.67368585557	Infinity	0.0	57815.67368585557	0.0	1605852000000	2395647.3405120745	Infinity	0.0	2395647.3405120745	0.0	3088773.5394129422
11/21/2020	56277.11391594157	Infinity	0.0	56277.11391594157	0.0	1605938400000	2403906.7224671966	Infinity	0.0	2403906.7224671966	0.0	3155069.1666003554
11/22/2020	54779.453238655056	Infinity	0.0	54779.453238655056	0.0	1606024800000	2411946.310169474	Infinity	0.0	2411946.310169474	0.0	3091786.9770123325
11/23/2020	53325.10737543853	Infinity	0.0	53325.10737543853	0.0	1606111200000	2419771.946346425	Infinity	0.0	2419771.946346425	0.0	3088773.5394129422
11/24/2020	51908.74871134669	Infinity	0.0	51908.74871134669	0.0	1606197600000	2427389.818828632	Infinity	0.0	2427389.818828632	0.0	3079733.22661461
11/25/2020	50529.54284461333	Infinity	0.0	50529.54284461333	0.0	1606284000000	2434805.354358824	Infinity	0.0	2434805.354358824	0.0	3121921.35300668
11/26/2020	49186.392538193664	Infinity	0.0	49186.392538193664	0.0	1606370400000	2442023.8604794824	Infinity	0.0	2442023.8604794824	0.0	2974262.910634712
11/27/2020	47880.73553917436	Infinity	0.0	47880.73553917436	0.0	1606456800000	2449050.4879849376	Infinity	0.0	2449050.4879849376	0.0	3088773.5394129422
11/28/2020	46604.52676645682	Infinity	0.0	46604.52676645682	0.0	1606543200000	2455890.593061965	Infinity	0.0	2455890.593061965	0.0	3155069.1666003554
11/29/2020	45363.97701139128	Infinity	0.0	45363.97701139128	0.0	1606629600000	2462548.382600027	Infinity	0.0	2462548.382600027	0.0	3091786.9770123325
11/30/2020	44160.876938642476	Infinity	0.0	44160.876938642476	0.0	1606716000000	2469028.9507445125	Infinity	0.0	2469028.9507445125	0.0	3088773.5394129422
12/01/2020	42990.57225771233	Infinity	0.0	42990.57225771233	0.0	1606802400000	2475337.647450032	Infinity	0.0	2475337.647450032	0.0	3079733.22661461
12/02/2020	41852.176362576974	Infinity	0.0	41852.176362576974	0.0	1606888800000	2481479.1577725625	Infinity	0.0	2481479.1577725625	0.0	3121921.35300668
12/03/2020	40744.60110620938	Infinity	0.0	40744.60110620938	0.0	1606975200000	2487458.0401100763	Infinity	0.0	2487458.0401100763	0.0	2974262.910634712
12/04/2020	39668.89517274402	Infinity	0.0	39668.89517274402	0.0	1607061600000	2493278.697410961	Infinity	0.0	2493278.697410961	0.0	3088773.5394129422
12/05/2020	38618.19155867041	Infinity	0.0	38618.19155867041	0.0	1607148000000	2498945.6824356397	Infinity	0.0	2498945.6824356397	0.0	3155069.1666003554
12/06/2020	37597.56132921452	Infinity	0.0	37597.56132921452	0.0	1607234400000	2504462.5669440213	Infinity	0.0	2504462.5669440213	0.0	3091786.9770123325
12/07/2020	36608.39738405208	Infinity	0.0	36608.39738405208	0.0	1607320800000	2509833.647133909	Infinity	0.0	2509833.647133909	0.0	3088773.5394129422
12/08/2020	35646.70878047522	Infinity	0.0	35646.70878047522	0.0	1607407200000	2515063.418188773	Infinity	0.0	2515063.418188773	0.0	3079733.22661461
12/09/2020	34711.66848550242	Infinity	0.0	34711.66848550242	0.0	1607493600000	2520155.805157413	Infinity	0.0	2520155.805157413	0.0	3121921.35300668
12/10/2020	33802.29105753282	Infinity	0.0	33802.29105753282	0.0	1607580000000	2525114.6149410564	Infinity	0.0	2525114.6149410564	0.0	2974262.910634712
12/11/2020	32919.39292353099	Infinity	0.0	32919.39292353099	0.0	1607666400000	2529943.51366356	Infinity	0.0	2529943.51366356	0.0	3088773.5394129422
12/12/2020	32057.158935258205	Infinity	0.0	32057.158935258205	0.0	1607752800000	2534646.2840812085	Infinity	0.0	2534646.2840812085	0.0	3155069.1666003554
12/13/2020	31219.797136364898	Infinity	0.0	31219.797136364898	0.0	1607839200000	2539225.878214815	Infinity	0.0	2539225.878214815	0.0	3091786.9770123325
12/14/2020	30408.440971779793	Infinity	0.0	30408.440971779793	0.0	1607925600000	2543685.8492342965	Infinity	0.0	2543685.8492342965	0.0	3088773.5394129422
12/15/2020	29619.709123277342	Infinity	0.0	29619.709123277342	0.0	1608012000000	2548029.9122302644	Infinity	0.0	2548029.9122302644	0.0	3079733.22661461
12/16/2020	28852.881889707853	Infinity	0.0	28852.881889707853	0.0	1608098400000	2552261.2992478767	Infinity	0.0	2552261.2992478767	0.0	3121921.35300668
12/17/2020	28107.111685641772	Infinity	0.0	28107.111685641772	0.0	1608184800000	2556383.139517834	Infinity	0.0	2556383.139517834	0.0	2974262.910634712
12/18/2020	27383.071406300623	Infinity	0.0	27383.071406300623	0.0	1608271200000	2560398.4411872113	Infinity	0.0	2560398.4411872113	0.0	3088773.5394129422
12/19/2020	26675.858509800128	Infinity	0.0	26675.858509800128	0.0	1608357600000	2564310.308530968	Infinity	0.0	2564310.308530968	0.0	3155069.1666003554
12/20/2020	25989.008032331632	Infinity	0.0	25989.008032331632	0.0	1608444000000	2568121.145460941	Infinity	0.0	2568121.145460941	0.0	3091786.9770123325
12/21/2020	25323.473925196646	Infinity	0.0	25323.473925196646	0.0	1608530400000	2571833.86089413	Infinity	0.0	2571833.86089413	0.0	3088773.5394129422
12/22/2020	24676.410519824807	Infinity	0.0	24676.410519824807	0.0	1608616800000	2575451.5000263024	Infinity	0.0	2575451.5000263024	0.0	3079733.22661461
12/23/2020	24047.21550423185	Infinity	0.0	24047.21550423185	0.0	1608703200000	2578976.7015291336	Infinity	0.0	2578976.7015291336	0.0	3121921.35300668
12/24/2020	23435.180836494408	Infinity	0.0	23435.180836494408	0.0	1608789600000	2582412.0180297364	Infinity	0.0	2582412.0180297364	0.0	2974262.910634712
12/25/2020	22840.882881351918	Infinity	0.0	22840.882881351918	0.0	1608876000000	2585759.901006381	Infinity	0.0	2585759.901006381	0.0	3088773.5394129422
12/26/2020	22260.19528982645	Infinity	0.0	22260.19528982645	0.0	1608962400000	2589022.884275144	Infinity	0.0	2589022.884275144	0.0	3155069.1666003554
12/27/2020	21696.112654493143	Infinity	0.0	21696.112654493143	0.0	1609048800000	2592202.9121736917	Infinity	0.0	2592202.9121736917	0.0	3091786.9770123325
12/28/2020	21149.454570010304	Infinity	0.0	21149.454570010304	0.0	1609135200000	2595302.35683862	Infinity	0.0	2595302.35683862	0.0	3088773.5394129422
12/29/2020	20617.832440508875	Infinity	0.0	20617.832440508875	0.0	1609221600000	2598323.7074914784	Infinity	0.0	2598323.7074914784	0.0	3079733.22661461
12/30/2020	20100.752416833893	Infinity	0.0	20100.752416833893	0.0	1609308000000	2601269.1121258363	Infinity	0.0	2601269.1121258363	0.0	3121921.35300668
12/31/2020	19597.631643864428	Infinity	0.0	19597.631643864428	0.0	1609394400000	2604140.6481853826	Infinity	0.0	2604140.6481853826	0.0	2974262.910634712
