0.08333333333333333	0.14285714285714285	0.5	false	60
1.0	1.0	1.0	1.0	1.0	1.0	1.0	1.0000000000173408	1.0	1.0	1.0	1.0	0.0	0.0	0.002820897231909487	0.2904191775207343	0.2983724647705762	0.1926691958530708	0.0	0.7919090729690694
1.0	1.0	1.0	1.0	1.0	1.0	1.0060885668856547	1.0372329112920473	1.0008716517191938	1.0	1.0000000000000007	1.0	0.0	0.0	0.3494711205114196	0.6481305058122151	0.336164669811009	0.03992442324749592	0.09787359745468634	1.1424736377425855
1.0	1.0	1.0	1.0	1.0	1.000000000000036	1.0000000000019134	1.0	1.0	1.0000000000011833	1.0	1.0	0.0	0.0	8.070115506690315E-4	0.6228255711807725	0.14471805982537558	0.04524753314788988	0.10548824734118514	0.9866073788944987
1.0	1.0	1.0	1.0	1.0000000000286668	1.0	1.0	1.0	1.0	1.0	1.0000000001093927	1.0	0.0	0.0	0.01588086918538411	0.033725110609228295	0.3354729264485238	0.2589634844983164	0.0	10.47462966115599
1.0	1.0	1.0	1.0	1.0	1.0000000000000013	1.0000000000002887	1.0	1.0	1.0000000000010734	1.0000000000001368	1.0	0.0	0.0	0.2118801595241045	0.5536300132848564	0.19924504660586612	0.0	0.0	3.3951412843711735
1.0	1.0	1.0	1.0	1.0	1.0	1.0	1.0	1.000000000017955	1.0	1.0	1.0	0.0	0.0	0.0016031535367672567	0.1941148715659766	0.25129147657854484	0.3446366361799639	0.0	1.4396969690713821
1.0	1.0	1.0	1.0	1.000000000000076	1.0	1.000000000000273	1.0	1.000000000005959	1.0	1.0	1.0	0.0	0.0	0.2115587694696909	0.12388562629828463	0.4160271465563727	0.04259266861179607	0.629386056670112	20.595565776222667
1.0	1.0	1.0	1.0	1.0	1.0	1.0	1.0000000000010492	1.0	1.0	1.0	1.0	0.0	0.0	0.7165031988735263	0.05080576006138502	0.02761012114556081	0.33300256256438854	0.24254258934735634	8.124857132594013
1.0	1.0	1.0	1.0	1.0	1.0	1.0	1.0	1.0	1.0000000000000435	1.0	1.0	0.0	0.0	0.006026499151529048	0.17445023693636494	0.0	4.5158629940769446E-4	7.52672157748941E-5	39.237730811403935
1.0	1.0	1.0	1.0	1.0	1.0	1.0000000000013514	1.0	1.0	1.0	1.0000000000034517	1.0	0.0	0.0	0.16473954965921606	0.3446017952939651	0.3732833943247216	0.10211169000441643	0.0	0.0
1.0	1.0	1.0	1.0	1.0	1.0	1.0	1.0	1.0000000000157725	1.0	1.0	1.0	0.0	0.0	0.21369086855284775	0.2986120290076969	0.0	0.0	0.0	0.025652121869425042
1.0	1.0	1.0	1.0	1.0	1.0	1.0000000000003957	1.0000000000023563	1.0	1.0000000000049731	1.0	1.0	0.0	0.0	0.0032841747507139254	0.38400915337164704	0.3808158826155461	0.0	0.02315606704877618	2.343102499797732
1.0	1.0	1.0	1.0	1.0	1.0	1.001495248896021	1.031777150239081	1.0141539298095918	1.0	1.097219624316034	1.0	0.0	0.0	0.3149039067610845	0.2500558266162928	0.6446285906913647	0.08347988114144123	0.1550314817883386	0.14006299834161867
1.0	1.0	1.0	1.0	1.0000000000000002	1.0	1.0	1.0	1.0	1.0	1.0000000000000004	1.0	0.0	0.0	0.27230040246975035	0.47878382395095737	0.0	0.16537944934426385	0.0	15.102465482587185
1.0	1.0	1.0	1.0	1.0	1.0	1.0	1.0	1.0	1.000000000037491	1.0	1.0	0.0	0.0	0.0489555368945629	0.0	0.2715838694657324	0.3334599663119282	0.09485414552654609	4.5769522068133925
1.0	1.0	1.0	1.0	1.0	1.0	1.0	1.0	1.0	1.0	1.0	1.0	0.0	0.0	0.0	0.07529651354942946	0.21351520344965552	0.9985288738920846	0.5782532141969732	0.04065252523726644
1.0	1.0	1.0	1.0	1.0000000000000027	1.0	1.0000000000007985	1.0	1.0	1.000000000002163	1.0	1.0	0.0	0.0	0.004591573952142218	0.5644966702733165	0.026374616804637242	0.3161334550940758	0.1810079860511154	2.8021122902918023
1.0	1.0	1.0	1.0	1.0	1.0	1.0	1.0000000000000817	1.0	1.0	1.0000000000006188	1.0	0.0	0.0	0.009785953179714613	0.12774206247404774	0.33257755441306425	0.12485409996545946	0.0	17.215883773703563
1.0	1.0	1.0	1.0	1.0	1.0	1.1039483550433598	1.3541897854778642	1.0729293175801422	1.0870042424700617	1.0	1.0	0.0	0.0	0.33045335779183216	0.44079133781385066	0.5013650672189945	0.025829174342529716	0.28468266920457835	1.326107235462293
1.0	1.0	1.0	1.0	1.0000000000181375	1.0	1.0	1.0	1.0	1.0	1.0	1.0	0.0	0.0	0.27864917701204944	0.019875857628961772	0.4956689544073844	0.054253680656712086	0.236544559919082	20.61188461224956
1.0	1.0	1.0	1.0	1.0	1.0	1.0000000000012101	1.0	1.000000000006275	1.0	1.0000000000090024	1.0	0.0	0.0	0.0014450354286334273	0.40577926646191365	0.3442807730722272	0.08780349390052855	0.0	1.4399087952515572
1.0	1.0	1.0	1.0	1.0000000000015854	1.0	1.0000000000134912	1.0	1.0	1.0	1.0000000000888405	1.0	0.0	0.0	0.011883107876262927	0.13351805790186827	0.21749721415098328	0.36104492589790266	0.0	4.786400918926921
1.0	1.0	1.0	1.0	1.000000000003272	1.0	1.0	1.0	1.0	1.0	1.0	1.0	0.0	0.0	0.0062583500813759105	0.0	0.004938072405053052	0.0023843148515667783	1.5132290688683097E-4	19.72380956393659
1.0	1.0	1.0	1.0	1.0	1.0	1.0	1.000000000000554	1.0	1.0	1.0000000000075893	1.0	0.0	0.0	0.007111189080998795	0.17203151156943952	0.2629832921484573	0.38290365260600717	0.0	21.24690003429974
1.0	1.0	1.0	1.0	1.0000000000019318	1.0	1.0	1.0	1.0	1.0	1.0000000000026588	1.0	0.0	0.0	0.1129228358297774	0.010356411184533738	0.6053828551362481	0.13745010932242055	0.12913900426541716	24.78808688580037
1.0	1.0	1.0	1.0	1.0	1.0	1.0	1.0	1.0	1.0	1.0	1.0	0.0	0.0	0.0011646138568481071	0.3959635383938132	0.194054227812445	0.25305963449288565	0.0	0.22889859371015536
1.0	1.0	1.0	1.0	1.0	1.0	1.0	1.1989770780702478	1.0000000000000229	1.0	1.0456364868182322	1.0	0.0	0.0	0.3541852895906566	0.5103411185174919	0.27204896872117107	0.04673577155475275	0.0	26.243121846612627
1.0	1.0	1.0	1.0	1.0	1.0	1.0	1.0	1.0	1.0000000002246763	1.0	1.0	0.0	0.0	0.006771787195409182	0.0057080365078004645	0.3178865725254626	0.7239351496591119	0.571925602367033	0.9977055264351431
1.0	1.0	1.0	1.0	1.0	1.0	1.0	1.0	1.0000000000455584	1.0	1.0	1.0	0.0	0.0	0.002228462374014267	0.41002440089350317	0.38888888093102086	0.26851022504619343	0.0	0.08345053591340122
1.0	1.0	1.0	1.0	1.0	1.0	1.0	1.0	1.0	1.0000000000347646	1.0	1.0	0.0	0.0	0.009784818021638561	0.10715087445598215	0.6380200786628988	0.11324982513463357	0.20487811659923816	4.8246110429410365
1.0	1.0	1.0	1.0	1.0000000000000215	1.0000000000003528	1.0000000000001528	1.0	1.0	1.0	1.0	1.0	0.0	0.0	0.005591299291689381	0.3245027551597343	0.14816293036247477	0.0	0.0	6.49842407693275
1.0	1.0	1.0	1.0	1.0	1.0	1.000000000012449	1.0	1.0	1.000000000000884	1.0	1.0	0.0	0.0	0.15715525902934455	0.6324858457035086	0.0	0.11284773286904123	0.07526749523681348	0.0
1.0	1.0	1.0	1.0	1.0	1.0	1.0	1.0	1.0	1.0000000000006524	1.0	1.0	0.0	0.0	0.003670974452074253	0.33639945025590784	0.15090272128557247	0.0	0.0	1.5129384507701502
1.0	1.0	1.0	1.0	1.0	1.0	1.0000000000000435	1.0	1.0	1.0000000000000644	1.0	1.0	0.0	0.0	0.005236245645428072	0.437996563172335	0.135452133528404	0.0	0.0017911197750007646	35.322757773581976
1.0	1.0	1.0	1.0	1.0	1.0	1.0	1.0	1.0	1.0	1.000000000000044	1.0	0.0	0.0	0.007454374101040201	0.3417485836622947	0.0	0.0	0.0	0.27610713415747473
1.0	1.0	1.0	1.0	1.0	1.0	1.000000000008589	1.0000000000229876	1.0000000000059213	1.0	1.0000000000088611	1.0	0.0	0.0	0.0020829374363405696	0.09541194329623057	0.6654272586605556	0.03039013789834299	0.0	1.4220072692593342
1.0	1.0	1.0	1.0	1.0	1.0	1.0000000002119016	1.0	1.0	1.0	1.0	1.0	0.0	0.0	0.04749753850894303	0.0	0.4732503901240106	0.0	0.22175201520578253	2.4256499005860728
1.0	1.0	1.0	1.0	1.0	1.0	1.0	1.0	1.0	1.0	1.0	1.0	0.0	0.0	0.009559579177112731	0.6978709110996004	0.10314112644487532	0.17739253110999495	1.5343949973075812	0.02544279438636866
1.0	1.0	1.0	1.0	1.0	1.0	1.0	1.0	1.0	1.0	1.0	1.0	0.0	0.0	0.0	0.0	0.0	0.0	0.0	0.0
1.0	1.0	1.0	1.0	1.0000000000058538	1.0	1.0	1.0	1.0	1.0	1.0	1.0	0.0	0.0	0.3480808201072972	0.0	0.22715437590034093	0.18771553535181978	0.026469655761563193	34.503434924491984
1.0	1.0	1.0	1.0	1.0	1.0	1.0	1.0	1.0000000001159461	1.0	1.0	1.0	0.0	0.0	0.015193888667303148	0.05376329104553295	0.17188430427001236	0.1625510294144029	0.0	3.3048433332910383
1.0	1.0	1.0	1.0	1.0	1.0	1.0000000000010085	1.0	1.0	1.0	1.0000000000237932	1.0	0.0	0.0	6.676254617220936E-4	0.2662124716637571	0.2248140144193859	0.7785798309785459	0.03248399657226069	3.557666183167134
1.0	1.0	1.0	1.0	1.0	1.0	1.0	1.0000000000489924	1.0	1.0	1.0	1.0	0.0	0.0	4.108769785170637E-4	0.26928845125900863	0.48285845553263834	0.15269543172208444	0.3091070089151434	1.7919257003998859
1.0	1.0	1.0	1.0	1.0	1.0	1.0000000002015266	1.0	1.0	1.0	1.0	1.0	0.0	0.0	0.004590026806222014	0.11025241216510671	0.24028215376259063	0.0	0.0	1.5997121714710227
1.0	1.0	1.0	1.0	1.0	1.0	1.0000000000248241	1.0	1.0	1.0	1.0	1.0	0.0	0.0	0.0	0.7261870932257807	0.042984022380222774	0.0967580703889762	0.0	0.23667631124911265
1.0	1.0	1.0	1.0	1.0	1.0	1.000000000000325	1.0	1.0	1.0	1.0	1.0	0.0	0.0	0.2912702021823745	0.32960163275174353	0.0	0.0	4.364881794013286E-5	4.654698679669903
1.0	1.0	1.0	1.0	1.000000000000097	1.0000000000031046	1.0000000000140168	1.0	1.0	1.0	1.0	1.0	0.0	0.0	0.00468013053245879	0.33038866102163156	0.21030259643067184	0.0	0.0027233886230729858	4.410184868408466
1.0	1.0	1.0	1.0	1.0	1.0	1.0	1.0	1.0	1.0	1.0	1.0	0.0	0.0	0.0	0.43520711605234025	0.5212430870215476	0.08822373808591341	0.12712965430748271	0.2630448710702022
1.0	1.0	1.0	1.0	1.0	1.0	1.0000000000666813	1.0	1.0000000000417189	1.0	1.0000000000924896	1.0	0.0	0.0	0.0	0.39222631805424457	0.4544229665826359	0.003006761125205344	0.0	1.4334016955386044
1.0	1.0	1.0	1.0	1.0	1.0	1.0386282052548124	1.0429111859940712	1.8566858017421317	1.0	1.0912669277067166	1.0	0.0	0.0	0.29767573465616876	0.3547838203123709	0.42506428255393613	0.3442826941036861	0.0	0.0
1.0	1.0	1.0	1.0	1.0	1.0000000000026552	1.00000000005476	1.0	1.0	1.0000000000045366	1.0	1.0	0.0	0.0	1.29149730101783E-4	0.7506655543164247	0.0	0.11082341605482805	0.13055907787280416	0.7586120166788495
1.0	1.0	1.0	1.0	1.0	1.0	1.000000000000145	1.0000000000010765	1.0	1.0	1.0	1.0	0.0	0.0	0.19667665957223973	0.2617804147565178	0.5095098463787551	0.0	0.0	0.0
1.0	1.0	1.0	1.0	1.0	1.0	1.0	1.0	1.0	1.0	1.0	1.0	0.0	0.0	0.007512164292585212	0.4665453036804723	0.0	0.0	2.2391251771649612E-17	151.07098686525978
1.0	1.0	1.0	1.0	1.0	1.0	1.0	1.0	1.0000000000029652	1.0	1.0	1.0	0.0	0.0	6.57355488941476E-4	0.2830544069057279	0.0	0.315419167177535	0.020493999684179167	3.1172636550813118
1.0	1.0	1.0	1.0	1.0000000000000986	1.0	1.0	1.0	1.0	1.0	1.000000000000055	1.0	0.0	0.0	0.31468287409670914	0.1626666835846237	0.08104058995329357	0.2802320215122381	0.17425490903485558	134.1354887180896
1.0	1.0	1.0	1.0	1.0000000000006208	1.000000000001516	1.000000000005415	1.0	1.0	1.0000000000816303	1.0	1.0	0.0	0.0	0.0	0.27583082183769947	0.44456345233493605	0.026337262830451843	0.033723308985416076	4.235632979040897
1.0	1.0	1.0	1.0	1.0	1.0	1.0000000000007485	1.0000000000009641	1.0000000000092615	1.0	1.0	1.0	0.0	0.0	0.001573098430070279	0.2895372669709233	0.3160038586293429	0.3909615294620441	0.0	1.5795055978554633
1.0	1.0	1.0	1.0	1.0	1.0000000000001537	1.0	1.0	1.0000000000002869	1.0	1.0	1.0	0.0	0.0	0.0064547334012280124	0.34342123360304866	0.0	0.0	6.643438837962525E-5	16.11399757276969
1.0	1.0	1.0	1.0	1.0	1.0	1.0000000000587868	1.0	1.0	1.0	1.0	1.0	0.0	0.0	0.0037259017691099296	0.31436558694289357	0.20348005909661698	0.07273289631512407	0.0	1.1946320957668044
1.0	1.0	1.0	1.0	1.0	1.0000000000005778	1.0	1.0	1.0000000000000187	1.0	1.0	1.0	0.0	0.0	0.0042020024380529835	0.33731047562271926	0.0	0.0	5.526128455004943E-4	10.769482039423115
1.0	1.0	1.0	1.0	1.0	1.0	1.0	1.0	1.0	1.0	1.0000000000070481	1.0	0.0	0.0	0.0028791409068093473	0.52785645040244	0.28222366961566386	0.014810746740722068	0.0	0.2312785213261678
1.0	1.0	1.0	1.0	1.0	1.0	1.0	1.0	1.0000000000002693	1.0	1.000000000000105	1.0	0.0	0.0	0.24973816167329305	0.4143290578387869	0.5318541293952128	0.07486710211296695	0.03970871937130542	15.901332815547597
1.0	1.0	1.0	1.0	1.0	1.0	1.0	1.0000000003261194	1.0	1.0	1.0	1.0	0.0	0.0	0.006862730895649812	0.23168546025341885	0.29526001897538356	0.0	0.0	0.5705790502048422
1.0	1.0	1.0	1.0	1.0	1.0	1.0	1.0	1.0000000000035647	1.0	1.0000000011110064	1.0	0.0	0.0	0.0032418155426321036	0.2573977535901121	0.04918840569716056	0.5775219666843476	0.01725670254712184	1.036549697860506
1.0	1.0	1.0	1.0	1.0	1.0	1.0000000000270568	1.0	1.0000000000039302	1.0000000000361635	1.0	1.0	0.0	0.0	0.11272086171822479	0.17426095409054615	0.0	0.6478672335857003	0.1709714028577865	1.2724411779341565
1.0	1.0	1.0	1.0	1.0	1.0	1.0038554077888102	1.0706536883536328	1.0	1.2151174821243351	1.0	1.0	0.0	0.0	0.30802093091788424	0.6980925553831518	0.5573252485560096	0.09141192099739791	0.17380015357816553	0.0
1.0	1.0	1.0	1.0	1.0	1.000000000001056	1.0000000000211915	1.0	1.0000000000031497	1.0	1.0	1.0	0.0	0.0	0.006184164332726597	0.38537608362018017	0.0	0.006479545764158565	0.003127183335171206	3.255348497472761
1.0	1.0	1.0	1.0	1.0	1.0	1.0	1.0000000000143467	1.0	1.0	1.0	1.0	0.0	0.0	0.0080606603612771	0.17494292515969714	0.3133228806156371	0.4286967137335615	0.0	0.42280009196774504
1.0	1.0	1.0	1.0	1.0	1.0	1.0	1.0	1.0	1.0	1.0	1.0	0.0	0.0	0.3018608234913913	0.37805345274179974	0.0	0.0	2.015723427246246E-6	5.219007011852784
1.0	1.0	1.0	1.0	1.0	1.0	1.276029759603409	1.15312987539133	1.0	1.0532792044533514	1.0	1.0	0.0	0.0	0.3505981424952496	0.5300703618468549	0.41636297794160865	0.05178694151931887	0.06142126669898265	0.0
1.0	1.0	1.0	1.0	1.0	1.0	1.0000000000007527	1.0	1.0000000000008435	1.0	1.0000000000002893	1.0	0.0	0.0	0.0023105150959550616	0.37540660530691017	0.29500073794690207	0.0	0.0	12.99363774751044
1.0	1.0	1.0	1.0	1.0	1.0	1.0000000000028177	1.0000000000169902	1.0	1.0000000001698084	1.0	1.0	0.0	0.0	0.0	0.09924993942549976	0.8054642838329464	0.08152376229670844	0.26833330637002933	1.7142516048656624
1.0	1.0	1.0	1.0	1.0	1.0	1.0	1.0	1.0	1.0	1.0	1.0	0.0	0.0	0.3668487215287908	0.9339174836115016	0.06396976836944505	0.0	0.0	8.271789002665752
1.0	1.0	1.0	1.0	1.0	1.0	1.000000000000493	1.000000000002349	1.0	1.0000000000029465	1.0	1.0	0.0	0.0	0.2887175228276088	0.46107457823099823	0.3135580236288039	0.0	0.0014152091650498908	0.0
1.0	1.0	1.0	1.0	1.0	1.0	1.0	1.0	1.0	1.0	1.0	1.0	0.0	0.0	0.0	0.5740617702583074	0.2595646552653114	0.11248788922977233	0.3172106301053611	0.0326488991399066
1.0	1.0	1.0	1.0	1.0	1.0	1.0000000000025637	1.000000000024193	1.0	1.0000000000138458	1.0000000000000488	1.0	0.0	0.0	0.003614262594374942	0.36033019872438293	0.2766014998829923	0.0	0.0	1.3338135786933794
1.0	1.0	1.0	1.0	1.0	1.0	1.0	1.0000000000000036	1.0000000000000906	1.0	1.0000000000000484	1.0	0.0	0.0	4.100463069934557E-6	0.3362275848545698	0.7833676223517348	0.05737003476447556	0.0	5.072327513431711
1.0	1.0	1.0	1.0	1.0	1.0	1.0000000000300233	1.0	1.0	1.0	1.0	1.0	0.0	0.0	0.05161569759168396	0.0	0.26374874806974347	0.2911998731109738	0.0	4.2412633564459945
1.0	1.0	1.0	1.0	1.0	1.0	1.0	1.0	1.0	1.0	1.0	1.0	0.0	0.0	0.44215968755951146	0.0	0.17587418212975445	0.4157965725975485	0.24573191665686722	9.37166419507677
1.0	1.0	1.0	1.0	1.0	1.0	1.0	1.0	1.0000000002509057	1.0	1.0	1.0	0.0	0.0	0.0025196499916824776	0.4299402074988755	0.2598260584811342	0.0665855934300718	0.0	0.38239912307270746
1.0	1.0	1.0	1.0	1.0	1.0	1.0000000000051084	1.0	1.0	1.0000000000531915	1.0	1.0	0.0	0.0	0.12224751054792565	0.41397450920513995	0.2496653283789053	0.04076927638889116	0.49535813949632657	0.0
1.0	1.0	1.0	1.0	1.0	1.0	1.0	1.0000000000002163	1.0000000000015128	1.0	1.0000000000005005	1.0	0.0	0.0	0.3307060050074641	0.1643063399340708	0.5437347794971377	0.0595834367123733	0.1301439528834393	34.956099849732375
1.0	1.0	1.0	1.0	1.000000000000055	1.0	1.000000000001788	1.0	1.0000000000187552	1.0	1.0000000000018252	1.0	0.0	0.0	0.0	0.2408225144257256	0.4307834483106438	0.10310325041275613	0.7004754449586234	5.578850072565668
1.0	1.0	1.0	1.0	1.0000000000140463	1.0	1.0	1.0	1.0	1.0	1.0	1.0	0.0	0.0	0.005521793219032352	0.12024382997470394	0.0	0.002858364230078964	5.407901279442E-4	7.169923239360662
1.0	1.0	1.0	1.0	1.0000000000005076	1.0000000000012745	1.0	1.0000000000003955	1.0	1.0	1.0	1.0	0.0	0.0	0.005341346339423161	0.12261763402539777	0.0	0.0	0.0	45.28964763497519
1.0	1.0	1.0	1.0	1.0	1.0	1.0928575237478164	1.5115275665223282	1.198176483430878	1.0	1.4018899216899567	1.0	0.0	0.0	0.2969609581022692	0.49394467711535545	0.41793714001554355	0.06810864260433536	0.006123391615498529	0.0
1.0	1.0	1.0	1.0	1.0	1.0	1.0	1.0000000000019011	1.0	1.0	1.0	1.0	0.0	0.0	0.026704005839386664	0.09640262401651897	0.21496005521739417	0.21746370203466667	1.343949963843169	3.1374007399194475
